500 2000 10
5 1 3 5 7 9
4 1 6 7 8
6 1 2 3 6 7 9
7 1 3 4 5 6 7 9
5 1 3 4 8 9
8 1 2 3 4 5 6 7 9
7 1 2 3 6 7 8 9
5 1 3 5 7 9
6 1 3 4 5 6 7
5 1 3 6 7 9
4 1 3 7 9
4 3 4 7 9
5 1 3 4 6 7
6 1 3 4 6 7 9
7 1 2 3 5 6 7 9
6 1 3 4 7 8 9
6 1 2 3 4 6 7
6 1 3 4 6 7 8
5 1 3 6 7 9
4 3 4 7 9
5 1 4 6 7 8
5 1 3 4 6 9
6 1 2 3 4 6 7
7 3 4 5 6 7 8 9
6 1 3 5 6 7 9
4 1 5 7 9
5 1 6 7 8 9
5 1 3 5 7 9
6 1 2 3 6 8 9
8 1 2 3 4 5 6 7 9
6 1 2 3 4 5 7
4 3 4 5 9
6 4 5 6 7 8 9
7 1 3 4 6 7 9 10
5 4 6 7 9 10
6 1 3 5 7 9 10
5 2 3 4 5 7
4 1 6 7 9
6 1 3 4 6 7 9
3 6 7 9
3 4 7 9
7 1 3 4 5 6 7 9
5 1 3 7 8 9
5 1 3 5 7 9
7 1 3 4 6 7 8 9
7 1 3 5 6 7 8 9
7 1 3 4 5 6 7 9
7 1 3 5 6 7 8 9
5 1 3 5 7 9
5 1 4 6 7 9
6 1 3 4 5 7 9
5 1 3 4 6 7
6 1 2 3 5 6 7
5 1 2 3 7 9
7 1 2 3 4 5 7 9
6 1 3 5 7 9 10
5 1 3 6 7 9
5 1 4 5 7 9
5 1 3 4 6 9
4 3 5 6 9
4 1 4 7 9
7 1 2 3 4 5 7 9
7 1 4 5 6 7 9 10
5 1 3 5 6 7
6 1 2 3 5 6 7
5 1 3 4 7 9
5 1 4 6 7 8
6 1 3 4 6 7 9
5 3 5 6 7 9
4 1 3 7 9
7 1 3 4 5 6 7 9
4 1 3 6 9
6 1 2 3 6 7 9
6 1 3 4 6 7 9
3 2 3 6
5 1 2 3 5 9
6 3 4 5 7 8 9
7 1 3 4 5 6 7 9
4 1 6 7 9
5 1 3 5 7 9
5 1 5 6 7 9
4 1 6 7 8
4 3 4 7 9
4 4 6 7 9
8 1 2 3 5 6 7 8 9
6 1 3 4 6 7 9
5 1 3 7 8 9
7 1 3 4 6 7 8 9
6 1 3 5 6 7 8
6 1 2 3 5 6 9
6 1 3 5 6 7 9
5 1 3 4 9 10
4 1 3 6 9
6 1 2 3 4 6 7
6 1 3 5 6 7 9
6 1 3 4 5 8 9
5 1 5 6 7 9
4 1 6 7 9
5 2 3 6 7 9
5 1 3 6 7 9
6 1 4 5 6 7 9
6 1 2 3 4 7 9
7 1 4 5 6 7 9 10
3 3 7 9
7 1 3 4 6 7 8 9
5 1 2 3 7 9
6 1 3 4 5 6 9
5 3 4 6 7 8
5 2 6 7 9 10
6 1 2 3 5 7 9
5 1 3 6 7 9
4 1 3 4 9
5 1 3 6 7 9
7 1 4 5 6 7 8 9
6 1 2 3 5 6 7
5 1 3 5 7 9
6 1 3 6 7 8 9
7 1 2 4 5 6 7 9
5 1 2 6 9 10
7 1 3 6 7 8 9 10
5 3 4 5 7 9
7 1 3 6 7 8 9 10
5 1 3 6 7 9
7 1 3 4 5 6 7 9
7 1 2 3 4 6 7 9
5 1 3 4 7 9
5 1 2 6 7 9
4 1 3 7 9
5 1 3 5 7 9
5 3 5 6 7 9
6 1 3 4 5 6 9
6 1 2 3 6 7 9
6 1 4 5 6 7 9
5 1 3 6 7 9
7 1 3 4 5 6 7 9
4 3 5 6 9
5 1 3 5 6 7
7 1 3 4 6 7 9 10
7 1 3 4 5 6 7 9
4 1 6 7 9
6 1 3 5 6 7 9
7 1 3 4 5 6 7 9
8 1 2 3 4 5 8 9 10
7 1 2 5 6 7 8 9
7 1 3 4 5 6 8 9
8 1 2 3 5 6 7 8 9
3 1 3 6
3 3 7 9
7 1 3 4 5 6 7 9
5 1 3 6 7 9
5 1 3 5 6 7
4 3 6 7 9
4 1 3 5 6
4 1 3 7 9
6 2 3 4 5 6 9
5 3 4 5 6 7
4 3 5 7 9
7 1 2 3 5 6 7 9
7 3 4 5 6 7 8 9
3 1 3 7
3 1 4 6
6 1 4 5 6 7 9
8 1 2 3 5 6 7 8 9
7 1 3 5 6 7 8 9
6 1 4 5 6 7 9
8 1 2 3 5 6 7 8 9
5 1 3 4 7 9
7 1 3 5 6 7 8 9
7 1 3 4 5 7 8 9
6 2 3 4 6 7 9
6 3 4 6 7 8 9
8 1 3 4 5 7 8 9 10
6 1 3 5 6 7 9
4 1 3 5 9
8 1 2 3 5 6 7 8 9
3 3 5 9
5 1 6 7 8 9
5 3 4 7 8 9
7 1 2 3 4 6 7 9
6 1 3 5 7 9 10
4 1 3 6 7
4 6 7 8 9
8 1 3 4 5 6 7 8 9
6 1 3 4 6 7 9
5 1 3 4 6 9
6 1 4 6 7 8 9
6 1 2 3 4 7 9
7 1 4 5 6 7 8 9
5 1 3 4 5 10
7 1 3 4 5 6 7 10
7 1 3 4 5 6 7 9
5 1 3 6 7 9
7 1 3 5 6 7 8 9
6 1 3 4 5 7 9
6 1 3 4 5 7 9
4 1 5 7 9
6 1 3 5 6 7 9
5 1 3 5 6 7
4 1 2 3 7
4 3 5 6 9
6 1 3 4 5 7 9
6 1 2 3 5 7 9
7 1 3 4 5 6 7 9
6 1 5 6 7 8 9
6 1 3 5 7 8 9
5 1 3 6 7 9
5 1 3 4 7 9
4 1 4 7 9
6 1 2 3 5 6 9
7 1 2 3 5 7 8 9
5 3 4 6 7 9
6 1 3 4 6 7 9
6 1 3 4 6 7 9
6 1 3 5 6 7 9
6 1 3 6 7 8 9
7 1 3 4 6 7 8 9
4 1 5 6 7
6 1 3 5 6 7 9
5 1 4 6 7 9
4 3 6 7 9
5 1 4 5 6 9
6 1 3 5 6 7 9
8 1 3 4 6 7 8 9 10
4 3 6 7 9
3 1 2 3
5 1 3 5 6 9
2 6 9
5 3 4 5 7 8
5 1 3 5 7 9
7 1 2 3 4 5 7 9
6 1 3 4 6 7 9
6 1 3 4 5 7 9
7 1 3 4 5 6 7 9
4 1 3 6 10
6 1 3 4 6 7 9
6 1 2 3 6 7 9
3 1 6 7
4 1 2 4 9
6 1 2 6 7 8 9
6 1 3 5 7 8 9
5 1 2 3 5 9
4 3 4 6 9
7 1 2 3 5 6 7 9
7 1 4 5 6 7 9 10
7 3 5 6 7 8 9 10
7 2 3 4 5 6 7 9
5 2 3 5 6 9
6 1 3 4 6 7 9
5 2 3 4 6 7
7 1 3 4 5 6 7 9
7 1 3 4 6 7 8 10
5 1 5 6 7 9
7 1 3 5 6 7 8 9
5 1 4 6 7 10
3 4 5 6
5 1 3 6 7 9
5 1 3 6 7 9
4 1 2 4 7
5 1 3 6 7 9
6 1 3 5 6 7 9
4 1 3 5 9
7 1 3 4 5 6 7 9
7 1 3 5 6 7 9 10
7 1 3 4 5 6 7 9
5 1 3 4 8 9
7 1 3 4 5 6 7 9
5 1 2 5 7 9
5 3 5 6 7 9
5 1 3 4 7 9
5 2 3 6 7 9
4 1 4 5 9
5 1 4 5 7 9
6 1 3 4 6 7 9
7 1 3 4 6 7 8 9
5 1 3 5 6 7
5 1 3 4 7 9
5 1 3 7 9 10
4 1 3 4 7
7 1 3 4 6 7 8 9
4 1 5 7 9
4 1 3 4 6
6 1 4 5 6 7 9
5 1 3 4 6 7
4 1 3 7 9
6 1 3 6 7 8 9
5 1 3 4 5 6
5 1 5 6 7 9
5 2 5 6 7 9
6 1 3 6 7 8 9
4 1 5 7 9
6 1 2 3 6 7 9
5 1 5 6 7 9
6 1 3 5 7 8 9
3 1 3 9
5 1 3 4 6 9
6 1 3 4 5 7 8
8 1 2 3 4 5 6 7 9
6 1 2 3 6 8 9
5 1 3 6 7 9
5 1 3 5 8 9
5 1 4 5 7 9
4 1 5 7 9
7 1 2 3 5 7 9 10
5 1 3 6 8 9
6 1 2 5 6 8 9
6 1 3 4 5 7 9
7 1 3 5 6 7 8 9
5 3 5 6 7 9
6 1 2 3 4 7 9
5 1 5 6 7 10
7 1 3 4 5 6 7 9
5 1 3 6 7 9
6 2 3 4 5 6 7
7 1 2 4 5 6 7 9
5 1 3 6 7 9
8 1 3 4 5 6 7 8 9
7 1 3 4 5 6 7 9
4 1 3 6 9
4 3 6 7 9
7 1 2 3 4 6 7 9
4 1 4 7 9
6 1 3 5 6 7 9
8 1 2 3 4 5 6 8 9
4 1 3 7 9
4 1 3 6 9
5 3 4 6 7 9
4 1 3 4 7
5 1 2 5 7 9
7 3 4 5 6 7 8 9
6 1 3 4 5 7 9
3 3 6 7
3 3 6 9
7 1 2 3 6 7 9 10
7 1 3 5 6 7 9 10
9 1 2 3 4 5 7 8 9 10
5 2 3 5 7 9
5 1 3 5 7 9
4 5 6 7 9
7 1 3 4 5 6 8 9
4 1 4 6 9
4 1 3 7 9
7 1 2 3 6 7 9 10
6 3 5 6 7 8 9
5 2 3 6 7 9
6 1 3 4 5 7 9
6 1 3 4 5 7 9
3 3 4 5
6 1 3 5 6 9 10
4 1 3 7 9
4 1 3 5 7
6 1 3 5 7 8 9
6 1 3 5 6 7 9
3 6 7 9
6 1 3 6 7 8 9
5 1 3 6 7 9
6 1 2 3 6 7 9
5 1 3 5 6 9
7 1 2 3 4 5 6 10
7 1 3 4 6 7 8 9
2 3 4
6 1 3 5 7 9 10
4 1 3 6 7
9 1 2 3 4 5 6 7 8 9
4 1 3 4 9
5 1 3 5 7 9
6 1 3 4 5 7 9
5 1 3 5 6 8
6 3 4 6 7 8 9
6 1 3 5 6 7 9
4 1 3 7 9
5 1 4 5 6 7
6 1 3 4 5 7 9
6 1 3 4 5 6 7
5 1 3 4 7 9
6 1 3 5 7 8 9
5 1 3 7 8 9
7 2 3 4 5 6 7 9
9 1 2 3 4 5 6 7 9 10
4 1 2 7 9
7 1 3 4 5 6 7 9
6 1 2 4 5 7 9
5 1 2 6 7 9
5 3 4 6 7 8
5 1 2 3 6 9
7 1 3 4 5 6 7 9
6 1 3 4 5 7 9
5 1 3 4 5 8
5 3 4 5 7 9
5 1 3 5 7 9
5 1 3 6 7 9
6 1 3 5 6 7 9
7 1 2 4 5 7 8 9
6 1 3 4 5 7 9
8 2 3 4 5 6 7 9 10
7 1 3 4 5 7 8 9
5 1 3 5 7 9
5 1 3 6 7 9
3 1 7 9
5 1 3 7 8 10
3 1 3 7
4 1 3 6 9
7 1 3 4 5 6 7 9
3 1 3 6
8 1 2 3 4 5 6 7 9
7 1 2 3 4 5 6 9
6 1 3 5 6 7 9
5 1 3 5 7 9
6 1 3 5 7 8 9
5 1 2 3 5 9
5 1 3 5 6 9
7 1 2 3 5 6 7 9
4 1 6 7 9
5 1 2 3 7 9
6 1 2 3 5 6 9
5 1 3 5 7 9
4 1 3 4 7
4 1 6 7 8
5 1 4 5 9 10
6 1 3 4 5 6 9
5 1 3 5 7 8
7 1 4 5 6 7 9 10
5 1 3 5 7 9
5 1 3 5 6 7
6 1 3 5 6 7 9
6 1 2 3 6 7 9
4 1 3 4 7
4 1 6 7 9
4 1 4 6 9
6 1 3 4 5 7 9
5 1 3 6 7 8
7 1 3 4 5 7 9 10
4 1 6 7 9
5 1 5 7 8 9
4 1 5 6 9
4 1 3 4 7
6 1 3 4 5 6 9
6 1 3 5 6 7 9
5 1 3 4 9 10
3 1 3 7
6 1 2 3 4 5 7
7 1 3 5 6 7 8 9
3 5 7 9
4 1 5 6 7
3 1 7 9
7 1 3 4 5 6 7 9
5 1 3 6 7 9
4 1 3 5 7
6 3 5 6 7 9 10
3 1 6 9
4 1 4 6 7
6 1 4 5 6 7 9
6 1 3 5 7 9 10
5 2 3 6 7 9
8 1 3 4 5 6 7 8 9
4 1 3 7 9
6 1 3 4 5 7 8
6 3 6 7 8 9 10
8 1 2 3 4 5 6 7 9
4 1 4 7 9
6 1 2 3 5 6 8
5 1 2 3 6 7
7 1 2 3 4 6 7 9
5 3 4 5 6 7
8 1 3 4 5 6 8 9 10
3 1 3 9
7 1 3 5 6 7 8 9
5 1 3 6 7 9
6 1 3 4 6 7 9
5 1 3 4 6 7
5 1 2 3 5 9
6 1 3 5 6 7 9
5 1 2 5 7 9
3 6 7 9
7 1 3 4 5 6 7 9
6 1 3 4 5 6 9
7 1 3 4 5 6 9 10
6 1 3 4 5 6 7
2 7 9
4 1 6 7 9
5 3 4 6 7 9
5 1 2 5 7 9
4 1 3 5 7
8 1 2 3 4 5 7 8 9
6 3 4 5 6 7 9
4 1 3 5 9
4 2 3 7 8
6 1 3 6 7 8 9
6 1 3 4 6 7 9
5 1 3 4 5 7
5 1 4 6 7 9
8 1 2 3 4 5 6 7 9
6 1 2 3 5 7 9
4 1 6 7 9
6 1 3 5 6 7 9
4 1 2 5 7
4 6 7 9 10
5 3 4 6 7 9
5 1 3 6 7 9
3 1 5 9
6 1 3 4 5 7 9
160 428 945
167 455 57
224 362 707
280 105 996
430 358 347
327 466 410
414 458 353
242 66 221
244 115 314
447 484 348
118 44 868
60 316 748
283 384 485
390 454 287
188 45 97
363 400 960
290 219 645
209 301 765
2 1 991
72 284 788
212 21 738
475 38 530
61 244 669
26 65 93
465 350 879
174 197 397
195 282 35
347 231 762
150 111 777
452 233 921
350 338 522
306 497 284
336 496 799
408 227 813
434 455 649
359 119 557
434 46 278
297 468 55
93 279 970
172 425 309
70 456 654
15 89 335
1 5 391
400 26 25
207 425 650
185 155 213
224 364 740
152 257 960
394 307 982
333 256 707
331 322 510
151 491 934
16 200 819
223 445 689
112 115 53
173 107 34
444 121 617
36 11 664
167 4 979
116 159 841
399 398 611
139 271 969
61 448 194
283 473 976
107 348 112
453 242 854
476 324 173
472 378 194
196 82 262
20 252 694
115 98 680
74 422 494
344 436 632
115 233 585
53 68 403
356 23 867
144 393 490
152 230 802
253 436 324
135 221 489
64 98 153
383 204 999
245 293 930
269 448 35
489 165 284
140 107 843
161 85 779
290 444 191
462 50 754
152 329 165
205 225 66
340 49 625
378 12 93
209 216 367
220 163 948
264 498 935
144 389 757
500 436 81
267 134 788
465 302 905
450 185 933
472 304 877
409 117 298
160 189 105
81 88 986
167 187 717
354 379 513
262 53 305
60 154 804
287 498 351
150 458 896
436 404 361
20 15 654
194 135 964
45 423 830
57 243 244
308 320 819
426 224 287
387 478 814
395 108 501
299 207 849
284 346 715
338 376 491
233 216 607
467 311 982
156 99 631
156 24 38
245 464 830
243 323 305
57 271 47
431 239 833
464 215 120
139 73 167
52 167 847
6 423 644
365 360 51
291 483 100
2 416 201
92 155 708
19 4 358
100 88 890
31 192 123
300 239 444
206 117 890
309 364 342
126 368 775
414 467 229
452 257 31
268 251 733
200 184 662
424 442 437
299 242 249
200 77 609
430 412 20
492 382 90
134 27 154
374 6 110
295 410 334
337 269 587
434 394 746
168 24 175
416 131 656
79 463 506
395 459 959
17 266 812
264 235 189
24 201 633
9 21 976
210 460 2
237 5 258
356 413 184
86 426 728
355 26 475
299 43 495
498 209 859
342 297 152
26 204 481
320 482 599
420 73 445
30 133 946
361 406 583
169 17 274
10 50 176
247 69 654
90 119 120
326 38 270
96 25 726
299 496 768
465 173 571
270 116 222
319 494 624
122 264 450
115 382 984
130 294 299
135 161 141
463 378 784
321 191 375
465 206 43
134 148 272
29 240 868
77 379 266
16 319 30
227 247 561
59 269 954
17 3 540
360 328 897
117 26 220
484 26 969
15 332 559
28 10 348
379 88 385
192 372 848
424 191 505
289 433 640
301 211 318
79 234 653
447 434 257
198 143 47
197 391 915
447 26 683
383 355 571
382 168 738
296 85 800
79 4 732
414 235 645
460 37 745
252 138 845
454 333 236
300 12 872
266 18 453
22 295 835
93 114 389
259 53 422
6 36 829
354 484 841
228 372 16
24 10 940
106 45 56
381 303 450
372 198 444
104 490 601
116 495 681
388 153 26
306 347 387
285 93 428
2 4 865
123 272 307
62 274 551
253 176 137
437 33 715
216 265 625
110 383 946
228 487 288
197 490 108
47 437 859
333 336 144
142 103 231
457 188 742
490 193 49
2 76 591
123 357 98
80 480 578
175 438 924
271 42 799
23 204 799
129 284 300
423 144 898
152 473 802
34 204 648
456 227 480
249 319 569
234 150 560
35 493 763
57 355 563
50 53 30
389 77 654
59 482 988
250 106 781
43 453 565
244 286 473
262 328 61
115 492 975
120 24 623
263 256 254
317 177 846
431 337 637
237 364 611
43 97 638
364 123 247
400 17 898
2 253 161
456 337 198
76 355 197
253 330 929
265 354 38
418 371 72
47 258 505
153 162 976
25 293 752
156 202 540
291 95 523
99 179 522
332 143 526
90 164 480
82 4 867
362 352 87
309 438 727
270 405 796
46 90 918
70 309 659
278 392 349
229 60 326
325 426 538
323 462 528
46 228 15
141 40 499
284 354 697
199 85 153
107 114 727
42 153 853
171 198 194
296 166 76
27 196 795
262 160 640
176 433 979
158 396 240
109 116 469
104 403 788
500 264 681
128 141 827
311 291 188
130 115 45
370 400 138
469 168 790
288 109 399
132 466 199
290 289 24
216 250 438
341 168 241
262 271 255
352 329 571
448 252 484
233 206 250
37 492 704
61 295 76
19 205 875
70 391 331
344 208 158
384 36 256
311 437 356
416 346 745
497 471 140
175 21 920
87 112 515
299 132 888
482 80 162
131 247 865
479 76 618
203 18 761
397 340 396
474 18 755
366 406 392
443 57 963
255 207 712
446 143 266
139 404 297
433 97 178
445 150 349
49 213 938
20 479 152
365 45 690
206 283 294
178 189 765
467 464 898
488 374 445
131 466 999
112 56 755
308 110 321
16 9 205
268 12 287
414 323 699
49 126 404
469 346 154
35 97 70
71 72 495
298 215 387
168 305 259
132 272 978
99 36 141
328 54 475
76 154 539
16 216 31
323 190 664
173 85 679
61 368 812
421 201 903
45 298 922
290 497 512
391 421 609
59 491 335
165 479 633
174 145 341
418 271 154
75 456 292
64 41 106
465 21 328
422 453 808
249 486 708
284 83 874
12 42 434
374 45 852
303 147 171
424 126 338
295 51 809
244 335 142
316 132 594
467 10 7
468 268 525
482 281 176
332 320 133
79 6 152
448 331 449
128 70 493
181 171 593
402 114 439
239 326 446
442 461 922
148 92 808
227 259 110
363 359 802
110 10 788
417 124 812
497 75 905
94 156 784
118 321 818
207 45 147
407 496 726
299 165 732
449 206 853
249 173 524
464 109 982
466 435 765
256 425 736
355 62 538
72 313 953
444 467 730
409 350 465
430 291 299
472 139 582
369 255 651
55 195 111
36 416 253
191 432 28
49 330 689
132 57 284
218 251 609
291 308 76
200 266 714
84 42 798
311 177 848
400 411 504
15 142 132
486 423 1
470 246 703
190 281 816
39 281 935
103 336 245
241 351 481
136 90 629
23 48 49
393 467 57
339 118 869
89 486 15
63 483 250
436 486 659
7 351 517
455 181 210
242 71 666
331 85 878
57 14 433
278 131 650
239 232 564
99 87 779
356 372 195
480 125 795
498 487 133
355 492 251
410 247 438
240 355 715
395 397 33
18 182 682
166 148 602
115 238 798
51 15 164
184 252 821
407 328 765
73 273 128
288 286 558
231 372 354
226 125 676
421 20 944
288 486 91
60 297 142
6 7 923
259 336 936
392 6 288
437 1 232
346 67 787
413 40 305
93 392 325
286 97 759
400 138 887
275 104 474
387 19 529
247 190 719
263 27 156
259 211 704
76 10 521
76 158 822
15 251 214
49 19 547
18 224 384
268 280 621
29 18 568
141 157 778
315 162 498
334 14 417
366 223 178
142 248 57
87 262 302
419 239 597
4 78 891
51 436 288
70 182 248
420 59 761
451 370 873
387 102 613
181 432 224
66 238 198
425 33 552
226 104 970
231 238 728
199 73 233
89 128 4
39 490 507
441 474 420
371 358 136
499 420 743
398 134 715
455 469 724
395 242 826
234 438 538
240 245 128
285 398 280
255 9 26
489 141 835
254 267 759
155 157 43
34 446 934
307 220 758
413 484 1000
143 93 122
54 129 287
217 144 70
243 179 199
99 310 154
127 134 290
348 225 614
346 135 126
111 254 231
439 31 721
62 476 823
11 26 939
479 207 830
406 256 115
331 389 377
114 149 705
234 431 616
16 58 933
467 54 891
457 24 717
445 315 112
214 14 831
96 296 61
62 25 774
150 148 781
235 342 918
144 257 14
16 15 717
316 94 136
176 100 322
113 227 513
339 45 780
172 413 513
28 37 115
234 209 783
5 85 928
291 194 487
182 33 965
16 59 258
19 250 386
350 9 872
355 392 89
296 310 499
14 427 293
149 164 228
93 234 276
325 323 799
18 307 684
39 132 441
481 34 149
21 220 439
306 73 444
124 254 75
38 19 607
199 52 368
268 256 426
392 373 265
258 473 298
344 367 357
161 490 709
196 167 295
151 281 39
387 136 484
39 240 719
150 142 716
17 29 524
255 377 137
129 142 308
346 111 913
376 384 250
110 47 435
99 456 817
378 275 363
15 157 847
80 245 756
342 313 726
42 21 129
351 377 166
160 303 601
14 380 64
164 466 338
106 129 239
219 232 529
207 68 425
358 137 971
407 370 25
169 58 171
19 450 385
480 242 155
384 248 223
177 200 23
440 77 853
1 402 935
253 94 181
95 238 41
99 282 842
127 66 637
219 358 526
166 33 380
358 320 400
333 191 777
452 360 86
183 386 255
334 426 145
380 101 687
256 358 138
39 14 802
457 322 429
256 298 835
307 451 131
66 4 429
70 93 20
464 318 152
199 232 641
64 281 637
110 330 855
140 398 480
258 61 604
471 355 466
245 335 243
31 290 301
157 276 610
195 96 843
125 55 467
277 22 781
197 442 148
485 92 586
328 201 461
61 373 926
30 336 482
129 18 184
24 358 918
197 250 731
499 195 613
168 454 69
401 92 890
368 233 120
91 24 32
339 316 76
38 431 816
254 55 194
104 195 579
61 426 908
126 242 671
313 477 71
213 178 528
285 22 602
289 183 8
407 356 389
347 221 917
347 430 516
147 69 608
395 120 900
101 42 674
395 361 472
54 104 428
405 104 542
180 142 42
414 19 666
303 159 913
447 492 896
258 311 796
268 347 408
52 3 283
123 466 899
335 367 199
287 323 445
287 439 741
103 315 922
85 349 592
159 315 809
60 3 514
216 37 49
266 175 584
260 31 762
358 414 884
257 321 279
485 42 86
135 109 958
198 295 152
441 94 195
432 440 75
15 205 756
49 171 312
46 241 514
84 490 969
345 498 383
320 79 669
131 149 9
467 355 218
185 10 431
389 53 629
396 360 504
366 198 795
450 224 602
288 330 209
256 381 842
223 299 553
312 331 298
33 281 569
343 180 851
340 496 293
213 171 548
70 111 630
472 111 355
409 186 286
362 24 241
8 19 787
97 30 275
107 355 407
177 86 554
303 75 102
161 54 553
220 77 154
77 15 747
401 98 688
28 70 55
74 329 885
302 438 440
278 389 834
69 327 744
47 194 152
393 464 199
151 324 362
458 126 109
253 419 538
429 342 205
394 314 760
123 393 165
15 39 667
143 75 749
235 352 576
146 14 333
280 279 351
110 279 524
319 34 392
197 376 460
277 191 781
495 11 420
461 498 712
417 444 420
25 15 799
372 90 882
482 319 303
20 474 317
179 147 819
85 228 434
212 167 258
283 348 894
130 176 230
178 113 236
244 446 928
71 149 743
359 433 702
316 444 130
227 158 785
61 46 932
111 347 910
41 75 564
367 413 795
170 17 481
444 350 39
165 478 218
23 10 951
444 398 10
323 375 277
465 372 604
181 209 369
45 372 607
62 307 753
6 27 451
444 419 98
338 455 353
169 228 487
342 339 354
147 333 950
266 234 969
176 269 958
312 310 806
334 205 485
223 457 568
82 250 483
163 193 492
313 223 874
161 99 988
238 468 860
12 134 64
69 61 128
157 355 710
8 238 582
346 105 399
142 413 315
28 283 457
252 8 472
224 203 197
124 11 736
114 177 983
481 31 498
231 39 814
467 40 889
261 297 499
454 123 636
344 16 800
60 75 965
44 25 285
7 81 276
460 382 686
146 482 59
172 218 843
18 392 453
369 361 143
200 42 776
193 246 758
500 365 770
53 254 732
38 379 75
186 12 706
332 151 808
450 148 871
470 428 955
10 306 378
358 225 773
13 4 913
238 314 591
447 163 661
368 151 489
235 193 295
197 355 262
375 115 814
454 266 894
447 278 482
138 85 348
233 337 194
347 184 769
43 197 481
120 479 412
142 89 697
146 76 828
171 94 561
474 358 730
421 167 411
129 427 570
185 390 408
471 33 977
210 322 449
291 204 185
475 47 173
263 433 968
404 91 739
301 97 435
477 298 921
313 481 442
205 147 15
234 38 435
122 72 174
389 267 602
97 161 681
47 262 493
376 370 12
339 211 198
260 372 287
197 175 410
43 21 580
249 387 104
288 142 694
157 406 966
433 99 450
458 135 337
352 217 30
276 252 831
79 57 74
86 327 381
427 137 234
456 258 775
40 26 415
264 364 959
131 3 166
329 250 907
119 13 716
218 423 597
219 387 322
360 202 530
115 340 293
26 198 164
388 238 108
197 425 285
104 410 579
380 156 952
437 462 3
10 362 663
6 39 666
143 330 417
247 118 472
144 78 746
122 375 424
214 169 505
417 354 333
443 8 16
241 387 672
243 134 307
154 330 986
261 38 231
58 464 248
35 124 936
454 319 751
57 417 864
431 190 516
193 497 838
489 278 504
242 54 996
35 66 583
401 417 369
320 166 743
397 443 720
120 439 228
341 322 431
250 435 844
121 142 234
433 311 360
67 49 439
369 334 125
139 356 590
274 159 143
495 313 265
317 349 638
178 286 406
45 88 298
127 461 740
175 418 674
177 138 603
274 25 651
388 222 750
403 283 465
470 162 757
436 205 656
393 167 72
251 87 364
438 403 255
481 349 513
118 72 77
372 336 974
187 102 616
272 189 887
208 73 299
179 411 392
185 65 308
146 436 795
441 192 49
142 170 869
488 440 717
145 193 920
382 479 9
301 166 687
200 198 585
145 98 134
494 388 626
95 256 996
9 5 738
437 49 791
386 227 701
232 162 680
26 69 596
421 95 20
432 132 200
1 33 161
163 486 547
57 12 403
177 241 258
24 292 650
292 415 748
58 494 506
412 181 553
51 152 856
290 191 298
12 62 896
13 216 78
383 238 97
149 282 313
79 168 26
274 147 664
346 287 325
298 260 406
103 444 188
143 163 775
372 17 663
12 4 289
56 1 927
34 240 844
220 353 856
480 267 589
220 241 414
390 499 537
18 354 438
241 381 575
357 69 135
180 269 387
313 101 933
62 221 261
243 74 8
270 113 528
194 360 474
160 123 840
421 499 277
226 98 790
495 127 662
464 73 233
362 320 343
302 178 531
362 2 200
418 387 375
70 282 254
392 65 797
248 148 627
95 154 378
50 92 107
367 220 532
110 124 168
362 500 663
247 292 129
430 324 903
162 381 369
300 271 903
29 110 440
41 49 525
266 403 276
124 219 940
242 198 10
495 424 175
59 413 418
201 73 326
182 30 434
302 379 531
107 372 463
492 389 98
155 102 702
81 84 405
206 68 135
424 478 706
450 124 348
129 161 351
408 110 222
321 443 256
51 31 508
479 187 171
264 228 1
105 61 516
273 68 41
147 321 150
301 38 518
323 494 759
289 173 628
377 266 133
20 23 798
243 189 950
500 88 813
297 121 378
155 322 948
23 297 671
158 20 180
39 434 293
487 137 477
283 381 400
64 35 108
258 452 92
171 75 308
265 309 575
249 38 373
418 54 841
69 259 92
103 111 971
221 230 126
145 229 598
335 26 56
375 421 872
55 30 188
442 8 837
218 178 96
465 109 98
398 366 331
439 83 203
345 419 448
72 129 429
461 274 167
401 437 140
255 152 233
186 199 713
94 248 574
413 411 151
441 330 132
127 154 806
231 317 497
102 159 481
67 100 704
429 67 53
96 474 954
28 17 96
89 207 402
308 382 561
144 103 968
215 124 930
338 460 487
146 275 235
432 446 708
62 108 274
123 44 73
437 154 101
467 267 948
16 35 931
378 142 352
10 6 399
217 173 263
487 40 838
137 160 777
473 59 297
199 331 899
71 129 57
50 443 567
260 452 135
276 26 950
464 344 414
91 176 992
126 75 925
71 198 291
340 356 599
440 286 645
349 473 329
222 441 38
287 36 991
347 21 629
491 342 870
238 96 570
32 46 995
135 48 249
450 407 85
23 497 26
368 164 270
93 102 288
323 321 827
218 371 973
457 66 657
425 488 144
466 161 656
360 243 327
139 85 197
27 137 776
169 436 945
429 254 584
281 331 795
228 485 460
104 199 714
81 48 145
322 5 457
488 293 493
47 205 840
499 98 256
82 493 9
110 11 827
302 377 30
315 350 852
440 217 530
407 214 453
405 249 275
362 97 774
365 379 625
65 142 395
389 106 694
231 359 414
116 115 817
330 341 539
195 193 241
8 73 476
227 433 617
275 45 146
106 60 505
95 498 116
244 247 692
32 169 941
174 18 780
276 394 883
165 301 567
206 356 804
80 87 673
314 194 962
23 415 50
54 256 935
319 268 72
246 9 382
117 190 635
159 100 971
374 386 587
476 451 749
75 417 335
352 316 591
343 261 763
38 223 474
119 89 941
484 455 546
307 318 423
495 20 970
151 293 72
358 178 864
353 193 864
133 233 298
153 406 567
296 400 783
44 423 628
104 166 359
100 222 836
425 49 985
201 103 650
276 343 262
176 133 411
224 384 454
279 445 754
408 100 825
445 440 792
135 498 179
90 32 434
422 411 51
364 473 137
76 338 385
62 64 899
345 127 812
12 13 480
302 469 88
200 268 694
9 93 81
118 211 63
122 331 9
248 446 675
45 264 274
21 20 560
131 12 363
230 271 645
266 116 216
258 85 393
354 380 38
251 365 844
467 291 73
186 188 635
57 9 108
240 162 629
20 289 676
347 432 505
327 492 390
325 356 21
375 341 659
268 184 425
89 387 268
177 228 72
30 11 378
102 432 972
496 379 631
47 134 169
272 392 742
91 112 673
339 494 692
258 53 945
373 242 218
244 241 688
8 22 955
202 67 755
39 10 500
261 357 941
156 360 447
5 206 227
329 396 942
368 205 965
427 161 392
151 366 645
70 336 272
298 192 396
276 182 508
442 214 325
198 414 913
386 61 476
290 297 703
143 15 957
4 8 749
466 446 396
353 201 446
308 53 934
69 130 252
148 279 744
89 307 6
268 348 563
414 295 751
304 342 499
97 187 772
250 7 35
259 367 958
247 191 959
91 49 935
259 149 97
185 394 889
452 19 873
272 492 391
393 462 520
488 498 612
193 491 808
460 321 15
477 474 947
6 163 873
39 89 485
92 198 790
6 5 582
443 382 542
244 31 149
230 421 372
365 450 203
302 63 824
82 25 239
232 36 138
10 18 484
118 259 63
360 159 346
122 107 224
162 39 22
250 442 73
255 193 494
343 138 645
41 474 752
462 332 686
437 315 844
132 14 191
171 265 68
117 349 451
438 226 316
200 242 296
15 71 802
461 344 189
237 45 757
127 22 584
447 149 643
327 100 229
282 124 441
115 61 280
293 357 485
191 177 708
347 161 327
143 314 46
116 217 146
447 204 619
147 250 74
278 154 379
223 181 241
192 431 716
334 335 777
128 201 297
376 228 19
14 406 1
336 331 677
43 376 428
261 177 640
399 140 444
7 359 532
213 412 312
296 68 614
157 367 615
142 146 989
72 3 999
451 440 238
28 302 722
263 69 758
420 137 772
389 385 107
167 477 165
67 356 117
27 366 749
44 209 530
126 298 862
236 233 880
303 418 922
50 145 464
174 40 789
239 17 915
152 499 940
478 484 13
382 478 203
214 137 482
183 26 14
345 415 134
113 41 506
361 322 100
433 115 586
170 141 610
488 300 981
266 418 211
454 376 753
455 71 233
355 44 406
18 366 731
485 255 848
264 28 755
62 324 677
324 135 274
103 2 313
128 274 633
134 343 261
238 497 501
316 210 832
368 430 992
393 192 410
351 66 380
356 91 439
427 340 780
427 426 298
392 170 546
326 177 551
367 298 520
212 96 933
159 373 314
326 95 356
455 440 989
137 91 628
139 188 426
2 151 568
202 376 604
343 301 408
194 438 599
18 428 296
105 77 79
279 220 192
148 283 696
198 225 938
148 168 718
158 325 966
291 168 395
406 425 437
148 280 909
441 116 955
436 125 568
103 92 696
217 323 71
23 237 313
53 120 382
282 379 312
180 390 381
142 410 939
460 94 716
54 459 671
290 15 971
496 482 914
13 107 897
329 141 112
279 103 815
260 129 787
27 113 715
100 278 505
408 47 663
450 447 435
420 333 689
310 210 216
4 11 270
404 180 357
139 464 823
150 137 358
336 408 888
441 156 211
403 168 454
93 278 568
333 171 625
69 417 766
164 68 107
31 17 637
201 235 600
213 184 299
260 453 954
79 488 563
293 85 2
328 246 348
412 366 273
78 316 373
431 351 316
222 338 472
344 252 870
5 98 561
341 45 210
157 39 22
90 240 977
458 296 373
367 481 756
351 104 693
489 77 538
265 4 614
436 250 196
497 396 544
331 53 911
287 359 152
167 32 136
188 28 222
305 215 997
372 110 390
236 457 277
131 178 704
331 272 594
427 257 558
223 355 612
299 66 222
319 354 587
121 477 790
160 144 554
337 393 998
422 342 824
380 284 119
456 67 647
118 4 615
44 310 804
191 69 251
204 333 147
114 477 981
433 268 65
48 36 49
314 237 958
410 191 15
111 480 899
87 370 943
171 207 319
90 334 534
469 184 376
244 185 932
482 40 974
37 210 902
67 134 279
354 416 103
436 230 134
455 100 445
26 82 990
13 334 692
311 417 69
474 74 212
489 416 128
109 54 255
20 174 770
458 237 920
416 221 689
7 394 707
287 310 932
358 310 462
345 15 887
93 281 909
199 447 384
294 491 147
165 114 53
487 275 587
192 386 469
196 155 360
229 327 366
223 103 706
499 290 476
430 35 854
356 224 35
106 13 392
234 329 492
111 195 599
24 239 727
10 48 603
216 337 11
491 99 627
26 304 142
334 482 43
163 487 945
59 405 765
322 3 866
45 438 961
242 225 173
66 98 88
37 382 485
297 466 373
80 272 933
193 325 846
349 418 592
80 190 185
40 500 341
92 97 493
340 287 453
326 155 711
282 94 118
121 49 471
77 79 479
26 214 304
143 374 719
208 261 578
492 176 177
277 52 654
69 289 792
159 151 34
471 423 421
90 169 512
453 180 182
89 64 465
92 273 790
441 496 233
484 380 393
246 185 415
334 338 498
231 462 191
474 139 431
196 487 772
417 184 405
490 174 868
421 48 815
1 41 627
380 289 494
153 114 339
25 65 854
37 174 658
3 2 13
470 418 193
195 294 237
189 294 355
244 433 582
216 108 522
473 392 991
81 456 905
274 98 428
58 312 231
290 330 98
271 433 894
436 473 949
124 482 837
236 214 10
123 287 136
179 450 713
132 130 848
13 228 643
248 488 478
85 46 465
341 66 332
480 208 648
167 271 265
305 231 894
347 196 603
339 177 49
275 53 281
141 218 281
314 471 305
373 113 256
249 410 876
28 378 543
165 488 473
49 79 870
158 203 678
445 113 705
365 399 806
378 297 775
120 267 338
159 460 310
283 234 590
166 415 903
281 381 217
174 428 967
188 441 369
95 44 650
103 258 524
448 248 887
349 77 798
274 367 633
392 287 140
80 39 650
355 226 515
40 299 41
49 197 908
206 23 444
397 297 583
292 321 977
2 482 712
188 4 567
435 6 872
109 477 569
41 303 601
131 464 30
399 108 513
384 212 327
307 188 69
462 185 730
217 149 811
152 202 209
425 191 354
476 44 727
182 233 236
144 143 449
136 54 663
123 168 231
26 249 517
187 115 6
500 316 77
90 446 435
214 478 579
116 151 209
339 225 141
407 454 611
165 138 563
69 184 57
83 9 98
102 271 491
366 146 937
74 456 668
231 89 658
184 47 776
406 122 62
117 257 351
41 368 451
32 192 12
39 109 285
42 202 120
188 31 593
202 34 405
25 45 606
78 291 509
298 100 942
93 99 216
455 103 115
354 4 390
490 494 102
166 316 4
416 172 106
192 8 610
345 175 563
321 9 664
2 404 207
271 80 250
39 234 314
13 488 54
119 423 80
210 400 262
107 493 931
195 78 386
331 432 680
119 339 2
370 494 476
25 313 750
241 355 983
385 67 256
54 280 68
472 342 688
309 372 294
63 10 423
103 38 56
463 8 993
472 205 883
338 484 456
110 495 900
471 53 504
271 357 936
184 24 18
96 428 675
39 152 35
20 249 105
334 140 523
173 84 317
351 3 912
351 353 586
94 23 750
491 34 774
94 87 297
59 442 615
344 28 528
160 293 967
449 17 473
75 232 307
170 120 812
178 37 73
75 496 102
271 154 357
143 415 839
467 419 979
282 148 498
99 398 289
398 357 757
257 299 192
289 356 867
463 162 195
124 437 105
55 315 921
343 483 816
175 317 446
125 103 233
225 110 974
242 394 494
5 155 569
139 301 935
81 67 707
20 281 933
290 168 369
146 465 78
64 413 3
314 115 834
360 349 500
189 492 138
309 128 888
7 32 608
137 248 142
237 423 123
96 436 360
124 360 629
456 401 458
437 445 336
95 479 349
443 373 896
431 402 589
413 291 115
84 86 739
285 53 220
134 103 922
140 342 252
70 95 538
366 28 7
211 282 534
206 207 598
172 262 171
420 298 376
100 385 942
319 165 49
367 278 914
58 286 780
215 87 355
284 414 6
438 459 849
260 263 964
231 169 7
35 383 178
313 146 484
61 315 422
40 111 247
464 305 850
300 432 160
204 154 483
432 139 650
190 257 171
9 171 237
55 294 535
301 57 602
117 99 331
397 414 921
463 230 459
219 463 216
462 23 375
88 351 649
204 435 41
336 299 234
469 301 959
9 211 455
73 422 549
474 232 187
83 148 520
414 335 992
23 163 442
36 239 585
329 110 712
241 64 513
201 251 489
147 72 788
7 14 820
21 74 888
181 261 958
350 209 512
370 132 431
106 175 531
186 440 666
160 158 181
373 137 486
383 327 24
156 294 236
194 447 293
478 376 368
289 387 344
481 257 372
334 201 193
93 197 995
218 424 989
42 254 778
408 251 122
498 426 674
172 94 711
47 31 588
435 453 156
304 396 927
305 471 385
88 235 27
132 69 230
226 177 124
311 11 576
15 11 772
26 267 98
266 469 538
30 34 957
336 412 93
158 91 679
39 459 279
471 357 864
29 122 202
335 479 563
37 293 629
473 147 282
200 454 539
489 253 37
60 330 278
215 330 219
87 325 253
233 284 658
67 479 856
431 150 753
371 362 533
276 297 60
221 69 650
61 407 679
33 23 632
63 132 215
40 327 860
268 453 598
150 82 745
379 209 433
215 357 707
206 98 647
490 484 657
118 413 401
482 127 785
342 341 584
266 308 19
400 276 975
187 344 470
436 325 440
463 44 596
342 151 284
459 238 575
416 187 401
222 319 20
340 182 521
279 384 472
345 219 279
278 28 137
120 148 588
238 432 31
92 483 766
120 392 401
337 109 531
54 24 491
327 94 286