900 2000 8
1 2
1 5
0
1 3
1 8
0
0
1 4
1 4
0
0
0
3 1 2 8
0
0
0
1 1
2 1 3
0
1 7
0
0
0
1 2
1 3
0
3 1 2 3
0
2 3 4
0
0
1 4
1 4
1 2
0
2 1 5
2 3 5
4 1 3 7 8
2 1 7
0
2 5 7
0
1 7
0
0
1 1
0
1 5
1 2
1 3
0
0
1 8
1 2
1 1
1 1
0
1 8
1 4
0
1 6
1 6
0
0
1 4
0
1 8
2 2 7
1 2
1 8
1 8
3 2 3 5
0
1 6
1 5
0
0
1 8
0
1 1
1 8
0
2 5 7
0
1 2
1 5
1 8
0
0
3 2 3 7
0
1 5
0
2 3 6
1 7
0
2 4 6
1 4
1 1
0
1 4
2 3 4
1 8
2 3 8
0
2 1 8
0
0
0
1 2
1 7
0
0
1 6
1 1
0
3 2 4 5
1 8
2 6 7
0
2 3 4
3 1 7 8
0
1 4
2 2 5
2 3 8
0
0
0
0
1 4
0
2 3 7
0
0
0
1 1
2 2 3
0
1 1
1 2
0
0
0
1 1
4 1 3 7 8
1 8
0
3 2 6 7
0
0
0
1 5
2 1 7
0
0
1 6
0
1 3
1 3
2 5 8
1 6
1 2
0
1 8
2 2 5
0
1 1
0
1 5
1 8
0
0
0
0
0
0
1 3
0
1 7
0
1 3
1 7
1 8
0
0
0
2 2 8
0
1 2
2 3 7
1 8
1 7
0
2 3 5
0
2 7 8
2 7 8
0
2 2 3
2 1 6
0
1 5
1 6
2 2 5
1 6
2 5 6
0
0
0
0
1 3
0
2 4 6
2 4 5
0
0
0
0
0
0
1 7
1 1
1 4
1 1
0
1 8
1 6
0
0
0
0
1 5
0
0
0
2 6 8
2 4 8
1 8
0
0
1 2
0
1 8
0
1 7
0
1 2
1 5
1 4
0
1 2
1 2
2 2 4
0
3 1 3 7
1 2
0
0
1 4
0
1 5
1 4
1 3
0
0
1 7
0
1 5
1 5
2 2 5
1 8
1 2
1 3
0
0
1 2
1 2
2 1 5
2 3 8
0
1 7
2 2 7
1 3
0
1 8
2 4 5
0
2 1 2
0
1 4
1 7
2 2 6
0
1 5
1 1
1 2
1 7
2 4 6
0
0
1 5
2 2 5
0
2 6 7
0
0
1 5
0
1 5
2 1 3
0
0
1 6
1 6
0
2 1 8
1 4
0
0
1 6
1 7
1 6
1 6
2 2 3
1 1
1 6
2 2 3
0
0
2 5 7
0
0
2 2 3
1 3
3 1 6 8
2 1 7
1 2
0
0
0
0
1 8
1 3
1 3
0
1 1
0
0
0
0
0
2 6 8
1 2
0
0
1 3
0
2 2 4
1 3
3 1 2 7
2 2 6
1 8
0
1 2
1 1
0
1 3
0
1 5
0
1 1
0
1 2
0
0
1 3
0
1 5
0
0
0
1 8
0
0
2 2 4
0
0
0
1 8
1 2
0
1 2
2 3 8
1 6
1 1
2 1 7
1 1
1 3
0
1 8
0
2 6 7
2 1 3
0
0
0
1 7
2 2 4
0
0
2 1 5
1 4
0
0
1 8
1 8
0
0
0
1 3
2 2 8
0
1 5
1 6
0
2 4 6
0
0
2 4 7
0
1 1
2 3 7
1 7
1 3
0
0
0
1 4
1 1
0
0
0
1 2
2 1 5
0
1 5
0
1 2
1 5
1 6
1 6
1 8
1 5
1 8
2 5 7
0
1 5
1 6
2 2 6
0
0
1 6
2 5 6
2 2 3
0
0
1 7
0
1 4
0
0
2 3 4
0
1 6
0
1 4
0
0
1 3
1 8
1 8
2 2 8
1 1
1 1
0
0
2 3 7
2 6 7
3 3 5 7
1 6
0
1 2
1 8
1 7
1 8
1 7
0
3 2 5 8
0
0
1 3
2 2 6
0
0
1 1
3 1 4 6
1 2
0
2 6 8
0
0
0
2 1 3
1 8
0
0
1 5
1 7
0
0
3 1 3 6
2 1 5
0
1 4
0
2 3 7
0
0
0
0
1 3
3 1 2 6
3 1 5 7
0
0
2 4 6
2 3 4
1 1
1 4
1 5
2 1 4
3 3 4 6
0
1 6
0
2 5 6
1 3
3 4 6 8
1 5
0
0
0
1 7
1 8
2 2 8
2 2 4
1 8
0
1 6
1 3
0
1 4
1 3
0
1 3
1 7
0
1 3
0
0
1 2
1 4
0
1 5
1 5
1 5
0
1 8
1 6
1 2
0
0
1 1
1 5
1 7
0
2 6 7
0
0
0
0
0
2 1 4
2 2 6
0
0
1 7
1 3
1 5
2 1 7
1 7
0
1 3
2 4 6
0
0
1 4
1 6
3 4 5 7
2 2 6
1 5
0
2 1 8
0
0
0
1 1
1 2
0
1 5
0
1 1
1 4
1 7
1 2
1 4
0
1 5
2 3 7
3 3 5 8
0
1 5
1 3
2 2 6
0
0
1 6
3 3 4 7
2 2 6
0
1 4
1 5
2 4 8
0
1 1
1 3
0
0
1 6
1 1
0
1 4
0
0
0
1 8
1 2
0
0
1 3
1 7
1 4
2 1 7
1 5
1 3
2 4 5
2 4 5
1 4
1 7
1 1
1 4
1 3
0
2 4 8
0
1 8
0
1 3
0
0
1 6
2 3 7
0
0
1 7
0
0
0
1 6
1 4
1 4
0
3 1 5 8
0
0
0
1 2
1 8
1 1
1 2
0
0
0
1 5
0
0
2 1 5
2 5 8
0
1 5
2 6 8
0
1 2
1 8
1 1
1 8
1 2
0
0
1 8
0
0
0
1 4
1 5
1 6
0
0
1 4
2 4 8
0
0
1 5
2 3 5
0
1 7
1 3
1 6
0
1 5
1 7
1 4
2 6 8
1 4
0
0
1 4
1 4
2 3 5
2 4 5
2 2 7
0
0
4 3 6 7 8
1 7
2 1 4
1 8
1 4
0
2 6 7
2 3 7
0
1 5
0
0
1 2
0
0
0
1 6
0
1 1
2 4 6
0
1 1
0
0
3 6 7 8
4 5 6 7 8
2 3 4
1 6
0
1 6
0
2 4 6
0
0
1 3
2 4 7
1 3
0
1 6
0
1 2
1 6
1 6
0
0
1 7
0
1 6
1 5
1 3
2 3 8
1 8
1 2
0
0
2 2 4
0
3 3 4 6
1 2
1 1
4 3 4 6 7
0
0
0
1 5
0
0
2 4 6
1 4
1 7
1 8
2 4 5
0
1 8
1 3
0
1 1
0
2 1 8
1 7
1 5
1 6
1 3
0
0
2 1 6
2 1 5
2 5 7
1 7
0
0
2 1 3
0
0
1 6
0
1 7
1 3
1 5
1 6
1 4
1 8
4 1 2 5 7
0
1 1
2 4 7
1 8
0
0
3 3 4 6
1 4
1 1
1 8
0
0
0
1 8
0
2 1 7
1 8
1 1
1 3
2 1 2
1 7
1 2
0
0
1 1
2 1 5
1 6
1 8
1 8
0
2 1 5
0
1 1
1 7
0
2 1 2
0
0
0
1 2
1 7
1 3
0
393 593 570
569 291 680
85 330 936
196 273 700
194 19 151
164 199 171
95 162 70
518 67 256
774 205 836
610 286 245
8 738 538
664 837 877
366 409 601
3 12 822
62 393 141
580 545 884
659 616 557
188 588 329
451 332 678
13 39 242
140 649 773
371 157 147
31 21 976
667 9 610
333 335 233
33 373 487
462 157 530
452 189 672
74 256 334
632 303 575
507 828 403
648 251 634
542 335 716
235 288 297
131 14 789
280 318 424
847 815 718
645 299 713
196 216 469
219 281 625
706 416 337
666 614 598
45 116 981
445 520 100
884 383 80
859 347 747
115 776 598
615 495 50
478 373 902
51 307 775
432 194 789
10 4 214
371 17 865
413 717 159
527 497 173
840 556 856
34 262 1
730 898 350
777 184 764
427 765 574
68 444 236
220 268 294
612 131 806
242 198 633
93 112 826
653 404 467
686 636 96
469 234 856
25 486 127
626 492 544
660 606 396
814 775 659
166 456 372
799 779 164
273 740 324
468 127 580
22 779 399
726 780 630
265 214 166
159 576 214
766 778 849
86 127 821
762 804 227
13 899 312
87 69 120
410 165 112
723 430 936
70 275 809
383 417 835
498 48 693
320 212 629
85 776 984
13 290 231
563 86 123
639 362 451
680 534 160
505 622 745
693 537 664
819 239 232
114 517 133
29 77 866
827 462 146
444 502 559
103 343 883
232 453 588
726 870 110
224 650 162
12 478 270
65 747 18
156 397 53
364 579 537
287 466 469
77 13 468
10 893 880
668 502 117
299 682 852
113 25 994
308 289 429
670 513 791
218 510 687
566 246 983
461 597 545
157 20 133
130 99 884
491 612 686
195 686 748
265 341 700
260 226 321
429 353 878
304 621 975
398 634 743
507 549 190
386 470 463
217 531 184
150 500 724
717 694 197
485 248 118
619 121 751
442 572 647
283 800 424
105 78 962
102 50 651
545 783 985
575 184 809
39 551 916
71 36 880
145 222 267
202 301 621
312 299 991
295 326 439
216 575 760
66 97 637
869 298 161
78 175 674
90 495 663
543 62 699
812 420 610
3 17 294
60 220 349
559 248 955
149 756 204
89 19 617
220 537 816
628 25 503
39 224 979
311 185 444
433 619 529
95 433 833
440 219 327
707 499 677
183 760 99
506 133 764
793 690 920
251 873 294
109 385 939
23 683 507
19 223 795
375 532 318
390 415 38
95 62 476
84 17 973
322 844 132
38 51 105
815 885 273
889 63 610
309 200 707
264 221 723
883 237 779
13 173 764
256 876 316
751 554 679
333 698 572
384 796 864
497 109 608
678 616 707
591 527 868
745 676 210
603 381 372
644 711 951
694 73 727
155 553 770
133 303 938
593 244 603
207 282 107
200 816 649
546 351 667
229 853 103
526 41 987
396 306 659
551 451 327
545 511 215
669 358 811
780 9 862
251 431 784
484 402 374
138 791 776
36 41 732
127 880 17
394 537 906
112 317 425
381 707 66
280 363 978
13 152 683
319 529 822
68 652 74
21 271 209
617 643 227
64 253 42
737 688 95
635 500 955
529 296 438
488 886 851
775 251 360
80 191 112
541 445 648
858 693 607
288 830 370
448 887 292
404 233 334
104 300 449
246 676 975
884 549 840
496 826 822
453 589 916
47 5 660
703 105 760
24 22 715
15 5 608
53 288 834
452 652 891
894 600 185
128 877 476
847 880 563
429 742 228
267 199 834
127 600 319
466 44 176
4 292 674
790 154 146
191 41 186
326 91 805
838 819 316
438 309 318
116 386 679
496 746 24
552 863 161
893 645 499
569 26 195
380 101 704
437 352 379
8 310 82
688 207 961
721 233 822
771 111 203
203 234 153
722 618 552
849 548 293
687 508 82
519 171 346
348 61 203
635 461 217
557 644 785
237 295 573
96 704 840
56 79 451
216 782 512
299 254 721
371 561 65
871 653 905
182 139 232
707 125 322
778 472 193
842 53 645
489 664 995
474 138 722
314 599 100
487 535 336
797 156 515
29 4 886
168 160 444
74 16 603
419 597 908
733 110 624
363 122 287
614 545 700
709 660 938
110 375 306
283 412 73
740 785 214
305 95 515
329 616 366
91 716 488
215 483 850
657 692 153
9 28 659
170 5 539
744 218 477
783 364 106
492 820 481
4 2 870
501 331 700
132 857 376
503 433 342
469 510 701
655 18 549
460 149 582
416 62 361
711 418 315
875 568 972
708 356 344
594 6 456
92 749 396
283 68 93
412 187 968
390 252 884
297 634 146
201 760 269
331 560 257
286 627 912
233 11 40
475 566 176
308 720 306
653 527 968
213 115 165
478 518 800
276 462 967
584 307 207
66 32 109
601 396 499
588 726 690
758 708 996
328 824 983
40 786 151
473 756 923
180 823 799
236 820 136
231 170 182
313 724 248
391 28 263
330 253 94
37 13 909
246 145 951
556 447 646
781 208 815
5 63 470
750 313 217
456 317 310
258 840 953
762 32 619
821 132 469
399 369 1
900 724 507
29 50 880
234 673 306
762 370 711
373 87 401
632 489 724
674 395 940
491 403 803
861 473 887
271 575 802
316 471 109
660 603 371
17 186 113
806 662 781
686 738 741
19 21 497
145 332 923
120 63 352
135 148 153
320 267 270
646 575 744
533 341 416
431 20 534
82 473 483
68 56 962
584 466 509
584 371 143
856 842 580
474 894 881
275 430 140
11 558 777
886 461 743
122 211 842
830 813 24
593 146 9
56 44 18
589 529 103
895 772 85
605 366 937
62 690 135
464 194 664
732 78 767
792 351 758
287 747 247
287 62 489
332 665 437
177 392 224
75 458 717
395 371 492
425 833 233
383 273 489
275 381 402
346 173 532
524 233 659
95 188 132
501 572 323
496 451 217
606 642 130
373 598 772
283 459 148
869 602 210
76 21 509
149 698 583
235 556 701
173 415 259
680 830 468
162 180 576
479 494 166
360 860 332
2 1 123
633 14 958
751 373 63
285 376 68
822 610 591
92 139 442
9 11 27
367 17 575
217 898 630
30 269 698
856 555 756
533 350 319
895 133 160
173 14 667
143 70 787
1 80 105
438 340 232
116 142 898
437 775 571
582 692 797
83 806 30
495 595 629
101 90 708
483 574 778
153 722 327
180 678 182
842 39 916
691 638 755
131 350 171
18 296 730
6 1 922
449 557 546
858 362 678
375 867 963
123 89 689
711 506 153
684 238 688
248 105 678
17 75 317
887 77 656
388 504 899
786 681 524
43 174 89
489 432 81
450 209 140
749 671 990
870 874 932
755 880 757
521 355 899
511 595 958
793 784 705
400 105 891
668 892 447
271 889 856
548 123 695
6 8 925
77 515 60
19 64 546
680 206 1000
826 270 551
388 55 446
548 85 42
426 653 590
193 34 421
704 239 384
855 539 274
163 464 673
119 144 285
606 589 129
182 88 843
33 4 427
567 492 121
329 499 917
201 15 308
101 86 75
31 840 902
325 784 739
366 350 569
491 872 787
81 47 493
620 343 466
26 202 448
146 44 758
482 328 309
777 305 177
313 882 664
100 2 14
457 421 382
560 245 541
375 727 701
589 619 617
389 354 15
830 633 201
662 718 166
362 155 433
445 236 135
741 875 492
587 760 990
597 104 481
62 872 703
20 585 98
581 120 843
262 405 313
421 137 464
648 720 211
80 616 622
696 594 939
47 185 19
643 408 216
155 16 169
849 12 655
598 488 305
562 173 740
354 391 557
219 44 638
345 775 480
891 204 226
589 556 16
132 845 889
49 393 785
369 252 992
89 137 907
703 501 250
225 41 214
44 830 737
658 25 685
315 299 777
245 779 903
163 647 269
351 447 115
828 173 789
540 685 885
437 69 829
777 387 212
696 538 245
288 201 289
282 246 448
350 730 204
158 37 567
23 17 406
173 422 47
828 305 462
883 463 16
239 461 738
852 328 297
44 649 384
26 21 227
166 7 822
392 477 979
871 72 110
342 499 580
500 274 202
40 736 854
29 414 473
815 312 361
45 741 285
266 577 565
91 603 877
80 806 646
745 863 193
540 680 169
296 436 545
143 606 604
592 838 530
482 676 734
196 109 897
812 459 882
206 185 351
817 545 805
632 264 819
362 784 238
57 60 773
574 232 846
627 598 889
4 85 598
159 56 607
346 875 978
10 19 465
231 372 830
25 556 283
733 437 875
247 446 719
17 129 707
791 665 722
243 539 444
237 595 929
229 157 601
693 739 615
292 426 79
693 381 966
170 698 516
679 210 808
139 628 245
261 269 376
120 629 987
871 185 336
66 550 998
118 596 815
67 21 829
227 350 530
482 74 933
860 278 967
35 42 923
535 372 779
584 618 242
342 98 483
693 618 131
608 858 776
555 175 21
184 25 38
419 50 893
366 896 457
680 104 140
73 479 427
560 211 767
110 781 804
433 203 69
737 612 246
602 853 917
296 510 155
34 45 549
52 329 242
752 737 326
173 316 315
739 232 824
173 521 591
779 509 763
660 787 566
36 533 731
95 811 565
302 625 926
732 505 765
168 875 713
888 295 697
154 835 247
653 106 691
94 896 864
296 711 879
409 877 2
341 534 66
550 86 9
752 840 351
826 556 693
561 262 97
523 128 483
705 521 81
563 492 326
742 27 773
462 290 28
529 843 548
686 74 630
597 887 509
459 514 938
86 284 490
52 51 404
529 857 203
233 261 249
544 143 539
351 148 950
506 432 450
785 552 329
764 686 440
98 414 729
129 699 973
599 33 801
682 119 715
376 617 823
106 52 342
748 553 140
508 714 345
65 789 356
531 16 295
770 105 695
34 209 526
705 113 21
580 331 105
614 661 532
270 799 746
478 861 280
270 75 410
10 59 687
30 107 945
553 534 744
78 92 634
862 3 550
128 727 720
293 166 760
259 135 224
19 757 945
623 725 893
306 644 808
78 577 731
725 767 70
209 805 504
372 484 959
391 719 873
443 811 681
46 39 558
805 771 290
728 650 50
279 271 853
55 358 683
697 77 301
481 295 941
664 185 53
651 596 465
268 858 821
791 655 648
231 347 210
631 212 767
759 472 920
65 197 511
406 729 256
64 67 638
829 54 822
550 528 342
143 36 401
339 86 447
116 578 279
213 54 831
614 686 249
206 807 305
453 356 6
202 539 858
132 156 64
879 13 152
387 362 254
271 160 861
387 340 49
233 306 782
626 891 549
255 72 482
148 197 111
19 600 374
160 892 389
54 215 512
755 206 934
414 491 742
398 24 249
347 173 706
517 563 695
210 651 897
128 743 814
112 451 675
34 2 147
683 198 914
158 210 469
739 377 749
768 484 452
442 126 555
489 793 764
513 6 489
673 80 600
140 86 788
413 436 455
43 893 377
98 734 839
273 338 699
667 763 988
237 349 203
413 33 727
401 878 790
13 25 353
623 396 534
353 132 166
817 754 674
74 251 21
603 717 174
538 816 841
43 207 380
117 48 34
526 645 793
703 407 156
298 318 580
694 716 712
764 193 831
93 738 734
767 59 767
248 562 851
302 833 28
590 436 638
225 187 364
90 639 790
252 428 711
546 301 366
846 86 139
224 51 443
730 49 415
68 340 608
287 709 891
773 725 54
739 66 969
217 418 852
890 295 12
119 14 667
607 175 843
710 308 351
725 114 890
237 347 279
766 317 330
637 142 352
4 27 149
59 241 164
183 137 686
39 874 397
304 361 273
548 809 542
625 742 554
547 623 969
104 850 501
640 481 398
166 77 452
51 666 84
150 230 727
646 396 446
9 36 463
208 450 853
413 136 983
864 718 101
588 728 718
871 861 427
714 211 275
647 463 983
664 290 920
407 177 339
56 221 326
897 66 545
143 508 48
793 501 590
82 174 142
309 18 170
142 460 417
422 4 644
81 52 535
650 836 898
552 664 408
817 442 881
545 676 113
43 122 620
71 579 248
233 216 590
681 308 14
870 469 968
657 130 974
6 710 125
25 48 75
394 682 952
440 504 339
53 119 720
752 104 403
150 592 992
841 687 792
416 606 983
540 514 561
183 731 478
882 358 442
894 228 280
363 223 714
866 234 396
809 605 125
318 162 637
205 304 801
279 253 337
240 265 441
138 161 5
809 712 405
93 426 793
824 722 155
471 381 712
559 467 418
302 173 281
738 600 496
244 815 40
694 629 55
876 244 795
710 750 583
871 8 359
713 604 154
161 531 138
518 390 161
171 374 214
728 475 223
873 314 192
628 899 178
185 782 964
75 27 649
396 626 539
338 586 427
455 750 699
702 576 895
481 120 720
626 301 648
124 663 800
181 560 978
299 375 335
843 82 485
890 74 567
356 87 196
344 121 281
878 592 75
205 293 7
682 184 918
114 157 147
45 49 280
156 818 592
5 2 522
213 330 353
406 5 995
607 146 65
833 105 723
620 712 891
438 38 441
257 738 403
478 747 92
870 212 303
16 93 483
398 523 758
188 117 157
357 110 773
12 446 212
434 510 941
281 525 192
90 324 63
423 233 830
108 222 56
429 227 868
738 725 608
55 181 619
609 886 902
239 616 172
608 155 686
681 732 936
134 61 742
281 150 601
448 315 426
869 713 468
478 719 305
179 843 384
413 526 181
410 318 490
124 212 704
172 41 381
289 88 659
134 260 623
739 758 818
238 191 249
154 250 737
846 16 562
45 425 470
560 777 408
559 692 31
323 575 711
404 421 129
322 854 892
865 638 966
763 248 787
539 96 377
760 195 442
477 867 154
574 60 717
143 523 770
347 65 473
229 336 1000
325 439 801
71 416 145
169 135 472
366 601 610
892 294 174
129 884 80
40 110 736
150 50 465
236 83 92
495 359 118
399 514 301
857 689 249
419 36 114
664 560 138
851 735 747
474 366 89
773 92 828
204 5 245
772 156 916
621 214 1
456 1 922
245 571 830
7 78 698
591 254 251
107 899 967
738 662 673
324 42 993
234 463 306
836 694 499
855 160 193
615 271 497
236 784 845
677 463 147
372 130 390
180 603 600
123 833 157
67 84 398
22 314 883
198 73 305
872 345 516
328 23 625
697 183 637
301 662 974
766 296 856
735 163 889
568 22 338
675 316 718
204 350 508
315 23 746
512 370 740
170 298 643
739 408 703
192 891 934
428 817 716
577 763 354
867 859 86
629 171 125
656 405 208
530 391 162
382 299 465
8 90 200
689 63 615
174 168 530
830 796 224
728 421 935
636 283 406
341 491 868
582 397 131
167 76 878
517 547 189
878 537 710
130 42 999
82 43 457
57 69 386
277 218 26
403 355 242
177 18 610
70 45 267
523 724 83
571 17 185
205 45 858
744 93 979
576 81 575
426 79 420
283 274 609
324 292 311
722 296 596
281 339 39
353 183 639
17 163 74
252 173 232
388 265 779
836 542 668
472 681 459
331 7 508
505 393 198
256 65 981
689 605 725
91 630 499
53 540 874
18 4 113
570 496 197
67 187 801
362 604 426
472 813 991
192 175 529
866 663 118
502 742 604
47 38 262
288 725 4
789 30 640
731 614 755
334 296 829
878 767 65
65 40 774
489 473 561
484 706 785
85 199 634
245 338 811
311 332 521
201 464 337
163 519 596
536 71 340
372 598 504
27 526 436
107 135 985
626 881 718
411 507 707
810 392 109
394 100 634
755 841 136
12 863 16
833 182 648
299 541 944
101 306 675
384 181 308
401 96 334
179 175 454
227 28 48
248 890 928
548 232 547
855 480 281
350 803 654
49 234 782
569 328 402
500 401 812
153 258 35
265 295 960
405 524 789
207 217 331
321 121 891
148 831 17
869 431 231
104 893 927
899 325 989
513 140 376
635 449 456
24 272 84
554 451 948
150 551 319
805 92 335
290 108 903
12 127 607
517 771 495
52 91 229
523 774 989
736 356 427
186 769 878
832 830 940
817 859 366
352 10 86
1 7 74
503 110 428
654 516 330
855 874 315
60 190 879
247 42 620
705 232 861
649 321 544
47 104 958
574 729 581
272 460 631
85 329 878
35 533 423
98 276 577
65 677 598
107 165 176
458 241 422
391 345 679
842 149 928
769 331 221
512 490 902
56 3 397
834 262 882
311 472 562
239 240 55
354 470 719
267 114 899
235 243 125
733 684 901
888 413 869
694 886 152
80 771 692
132 50 623
745 869 977
375 419 151
514 839 21
208 237 668
494 688 166
73 6 293
103 623 427
505 666 534
121 724 124
515 327 763
338 176 758
277 324 788
184 208 982
821 101 973
182 724 149
103 220 924
752 339 201
452 646 822
92 207 980
408 187 401
452 728 528
646 613 741
76 67 939
718 836 334
607 190 713
653 847 120
862 380 598
55 176 646
417 101 298
417 205 980
48 6 311
189 805 481
475 272 268
20 716 870
120 473 737
460 221 214
266 133 206
33 895 799
29 109 528
50 148 308
263 142 35
766 731 132
807 73 712
630 124 755
476 418 35
301 804 736
106 620 125
480 331 508
510 305 656
415 376 980
119 526 851
311 606 764
611 231 906
587 526 415
119 197 691
885 776 563
554 344 590
897 702 103
244 90 925
80 668 877
347 776 278
595 672 831
214 278 928
841 635 865
640 196 259
456 516 599
772 113 531
758 534 876
41 116 611
204 648 758
583 495 841
71 153 918
658 143 132
649 270 344
3 2 603
726 386 525
531 614 897
862 676 928
650 13 963
249 523 862
401 236 812
412 29 493
57 254 719
189 200 621
511 218 163
380 161 98
315 281 428
216 714 673
771 138 133
840 299 657
159 188 374
626 847 573
194 773 512
507 174 351
147 65 156
48 274 224
338 259 589
45 286 417
31 200 403
180 99 357
187 552 268
421 230 288
303 798 316
513 84 59
777 463 583
451 645 231
439 149 417
882 333 149
744 626 246
568 5 868
103 423 933
390 230 890
533 703 552
248 140 932
125 368 350
273 9 85
208 453 632
564 499 582
208 560 287
244 726 449
313 52 916
217 740 302
254 48 640
672 424 159
151 101 506
194 749 412
139 899 369
701 897 591
19 30 88
265 149 385
664 397 284
125 228 986
19 55 15
338 671 180
701 64 363
270 627 805
741 428 349
298 323 840
290 815 411
9 75 109
749 197 589
511 548 168
29 128 592
184 214 264
164 105 256
649 46 507
465 297 968
19 97 452
42 245 893
112 189 345
8 9 395
537 601 723
756 112 953
803 71 744
344 372 352
794 128 995
45 219 948
40 72 197
652 515 47
158 414 818
77 612 644
751 707 104
434 13 372
424 729 178
544 761 502
484 249 71
101 141 735
629 60 567
5 351 239
873 464 765
32 31 449
450 509 463
22 98 261
171 294 539
316 494 944
588 82 23
379 193 552
601 200 561
523 883 469
11 750 481
64 632 651
301 600 384
109 114 149
326 49 703
365 542 512
90 125 878
811 399 955
194 275 980
887 610 194
823 85 473
52 896 127
250 594 625
872 183 134
223 349 135
1 670 447
694 848 323
382 308 730
103 50 963
762 843 93
9 168 83
692 273 750
115 425 561
123 511 669
889 402 743
564 642 892
141 356 292
352 796 740
550 443 745
399 391 436
634 812 412
467 150 321
161 607 208
518 408 965
114 502 965
552 319 529
851 601 712
285 817 177
478 599 740
195 61 362
774 260 459
584 869 165
190 748 347
231 673 355
523 529 598
281 801 84
165 734 245
498 196 37
209 863 627
579 150 418
855 690 287
143 245 500
372 252 466
256 366 972
244 697 14
94 737 867
396 86 720
416 685 936
351 290 240
449 800 364
282 532 497
504 68 249
160 96 997
718 640 532
459 249 696
776 547 286
146 429 600
66 519 852
203 551 448
152 659 678
224 640 741
719 734 497
682 332 842
48 253 925
121 106 894
738 803 720
387 538 282
276 172 969
400 715 459
131 319 323
377 273 621
386 700 705
112 598 124
104 826 923
299 787 568
881 472 800
121 76 188
193 102 866
53 99 120
458 298 195
661 234 373
325 769 928
848 163 957
163 190 62
399 204 992
43 688 509
797 471 725
1 14 861
706 462 307
646 563 545
6 310 241
662 652 72
404 554 109
13 12 940
240 153 662
224 292 190
670 318 393
689 335 464
565 585 501
428 246 821
81 56 869
152 167 10
153 879 44
124 31 487
488 396 751
21 105 703
410 885 941
839 368 360
156 231 994
173 648 395
381 175 723
321 377 518
606 380 493
431 174 624
720 296 548
86 144 27
68 646 71
338 716 986
191 405 757
824 431 832
43 54 801
51 63 398
317 779 149
870 581 143
360 95 238
46 286 818
57 246 978
184 781 120
441 301 815
123 145 849
180 319 154
809 269 728
331 203 788
96 881 368
220 28 756
282 83 459
21 53 133
512 354 236
179 369 937
83 154 292
14 566 341
323 40 838
322 330 892
361 626 33
250 346 454
249 121 603
470 487 986
403 701 237
562 300 4
240 12 239
677 521 52
853 161 490
592 872 831
526 206 667
825 118 561
230 138 776
794 779 28
138 412 231
308 130 329
314 226 320
734 242 14
383 428 820
565 410 54
337 698 667
316 474 111
436 799 240
739 265 718
142 207 807
884 38 428
141 822 75
318 221 166
359 238 876
68 348 521
41 58 708
417 851 832
446 562 31
458 586 46
614 556 993
701 309 880
88 56 799
849 468 141
491 116 699
270 708 255
271 324 511
92 398 328
355 236 308
262 519 108
526 662 115
866 839 682
251 58 717
565 638 967
574 191 244
315 493 70
125 551 922
161 502 155
450 531 119
831 325 816
234 690 236
6 808 850
882 888 151
207 586 250
168 696 125
460 366 634
411 539 666
188 798 731
258 628 938
590 40 787
719 748 353
550 896 517
218 239 659
488 777 806
454 744 313
821 65 608
602 280 865
825 684 549
274 542 574
475 868 788
743 130 376
777 572 762
54 133 617
23 469 426
16 533 791
66 494 176
192 467 584
862 179 313
528 308 188
492 87 33
488 10 981
13 114 541
787 285 905
561 674 588
587 214 190
66 663 815
210 333 83
258 132 132
502 470 971
162 810 965
37 547 738
708 107 562
573 122 16
779 646 776
768 412 472
316 220 459
37 177 658
728 782 619
16 9 925
383 154 1
189 306 795
787 541 883
830 459 449
499 587 234
464 478 436
188 896 947
623 255 618
378 339 591
147 401 229
300 403 969
359 232 60
735 319 855
263 888 373
831 44 117
21 61 572
201 254 114
41 149 227
38 35 250
618 678 875
156 274 264
735 238 70
885 464 456
755 369 21
182 85 870
800 702 353
293 60 934
366 663 488
490 189 973
652 559 255
209 190 328
277 526 471
392 547 928
198 796 185
552 647 59
792 420 447
40 8 328
805 334 548
647 224 944
517 514 348
45 524 10
778 318 974
883 457 144
661 414 993
194 783 595
349 431 12
844 707 723
639 289 968
390 568 871
54 118 199
178 304 237
34 456 608
134 403 302
754 301 44
332 528 689
253 809 813
433 37 808
20 364 867
60 62 424
543 505 620
7 171 867
114 116 326
662 16 760
427 296 498
30 86 403
255 316 896
224 419 525
41 730 601
297 539 156
431 825 756
364 96 392
438 652 396
819 113 383
613 116 97
362 471 478
55 126 318
77 96 872
261 759 961
147 96 422
148 852 455
665 594 974
411 609 792
33 807 716
188 753 578
97 285 981
467 68 536
143 339 658
534 255 120
840 51 688
777 135 264
621 599 623
72 407 479
128 334 520
752 285 494
797 452 329
14 232 412
744 444 59
795 541 565
242 326 913
540 645 532
35 34 812
14 765 837
69 211 959
131 138 93
125 233 302
78 36 59
345 166 472
644 204 678
540 116 252
667 675 551
824 803 576
186 225 926
771 70 283
441 16 616
832 430 902
11 44 159
368 836 589
411 301 328
164 797 614
792 704 67
169 227 818
872 509 144
96 666 978
681 721 761
390 474 345
682 455 26
837 747 414
339 547 703
889 840 957
525 476 164
123 354 268
470 641 632
24 11 809
169 868 592
194 69 647
12 20 504
205 100 475
133 264 747
300 358 784
432 870 982
107 300 72
693 760 760
440 643 525
596 707 834
77 577 13
874 342 656
57 192 644
54 620 575
817 234 605
397 27 415
191 438 506
47 309 614
548 459 775
262 517 346
158 18 742
695 802 649
858 119 299
407 452 66
103 370 516
94 79 395
278 462 581
128 433 908
163 134 53
653 538 20
617 92 50
714 823 153
203 850 73
776 311 822
318 621 607
500 653 435
643 578 63
167 257 200
881 391 570
291 454 97
526 410 623
199 695 454
472 598 287
142 322 563
838 596 211
372 336 994
342 16 491
598 464 980
813 476 91
266 640 707
636 872 8
505 382 38
132 361 343
348 661 704
130 337 692
452 373 469
47 135 795
477 873 948
60 469 33
30 235 936
387 566 795
518 793 785
877 750 684
238 523 826
657 339 506
226 32 716
380 348 488
255 10 89
208 399 212
510 562 180
536 498 160
430 425 983
38 280 451
751 470 962
65 291 328
452 21 924
203 146 914
89 455 685
557 796 758
39 173 403
677 862 22
297 132 249
424 642 791
856 509 355
360 85 512
506 633 193
435 196 853
218 55 154
461 429 853
753 768 814
833 827 608
899 699 76
317 803 256
325 267 518
458 186 407
727 603 630
395 156 316
275 651 995
86 522 761
263 778 740
682 46 712
694 203 569
258 460 485
598 829 966
651 727 477
144 423 766
628 232 101
225 700 64
335 506 638
104 779 397
309 512 237
14 420 854
223 459 746
677 392 46
21 715 370
655 93 248
60 111 695
187 450 726
520 29 685
320 565 429
835 336 275
537 151 958
424 194 175
601 493 844
493 8 414
44 136 658
424 436 330
365 809 520
683 256 245
825 25 415
586 806 815
88 30 335
624 699 733
239 76 883
223 840 370
568 829 271
285 402 187
864 77 166
464 882 871
690 493 383
277 327 530
295 320 920
128 267 218
21 108 733
5 22 582
344 849 34
363 156 973
561 564 799
37 181 284
84 115 981
187 788 819
301 271 898
324 482 821
590 479 302
328 66 52
448 852 557
123 352 651
103 61 981
591 382 655
333 179 907
476 415 112
449 828 46
40 659 889
857 674 535
85 683 175
666 776 202
734 796 918
80 303 282
692 32 793
601 768 92
257 146 315
81 600 465
348 861 102
802 856 418
14 44 810
297 251 357
383 193 293
237 525 575
76 663 988
32 727 574
610 185 554
777 456 388
165 624 980
433 491 149
279 629 1000
634 130 758
716 516 751
341 255 816
218 327 108
332 199 85
695 895 320
18 558 581
236 221 109
636 892 448
28 877 486
532 89 665
659 15 868
840 550 766
184 103 458
43 8 1
168 144 970
743 299 431
173 361 338
335 17 85
342 449 101
803 616 460
683 859 489
370 366 50
840 479 317
57 7 108
59 710 721
66 365 66
155 121 89
577 340 643
7 83 989
482 453 365
132 850 106
197 253 77
110 38 273
443 38 259
837 607 951
853 858 418
178 94 33
175 608 39