1000 2000 10
10 1 2 3 4 5 6 7 8 9 10
10 1 2 3 4 5 6 7 8 9 10
10 1 2 3 4 5 6 7 8 9 10
10 1 2 3 4 5 6 7 8 9 10
10 1 2 3 4 5 6 7 8 9 10
10 1 2 3 4 5 6 7 8 9 10
10 1 2 3 4 5 6 7 8 9 10
8 1 2 3 4 7 8 9 10
10 1 2 3 4 5 6 7 8 9 10
10 1 2 3 4 5 6 7 8 9 10
10 1 2 3 4 5 6 7 8 9 10
10 1 2 3 4 5 6 7 8 9 10
10 1 2 3 4 5 6 7 8 9 10
10 1 2 3 4 5 6 7 8 9 10
10 1 2 3 4 5 6 7 8 9 10
10 1 2 3 4 5 6 7 8 9 10
10 1 2 3 4 5 6 7 8 9 10
10 1 2 3 4 5 6 7 8 9 10
10 1 2 3 4 5 6 7 8 9 10
10 1 2 3 4 5 6 7 8 9 10
10 1 2 3 4 5 6 7 8 9 10
10 1 2 3 4 5 6 7 8 9 10
10 1 2 3 4 5 6 7 8 9 10
9 1 2 3 4 6 7 8 9 10
9 1 2 3 4 6 7 8 9 10
10 1 2 3 4 5 6 7 8 9 10
10 1 2 3 4 5 6 7 8 9 10
10 1 2 3 4 5 6 7 8 9 10
10 1 2 3 4 5 6 7 8 9 10
10 1 2 3 4 5 6 7 8 9 10
10 1 2 3 4 5 6 7 8 9 10
10 1 2 3 4 5 6 7 8 9 10
10 1 2 3 4 5 6 7 8 9 10
10 1 2 3 4 5 6 7 8 9 10
10 1 2 3 4 5 6 7 8 9 10
9 1 2 3 4 5 7 8 9 10
10 1 2 3 4 5 6 7 8 9 10
8 2 3 4 5 7 8 9 10
10 1 2 3 4 5 6 7 8 9 10
10 1 2 3 4 5 6 7 8 9 10
10 1 2 3 4 5 6 7 8 9 10
10 1 2 3 4 5 6 7 8 9 10
10 1 2 3 4 5 6 7 8 9 10
10 1 2 3 4 5 6 7 8 9 10
10 1 2 3 4 5 6 7 8 9 10
10 1 2 3 4 5 6 7 8 9 10
10 1 2 3 4 5 6 7 8 9 10
10 1 2 3 4 5 6 7 8 9 10
10 1 2 3 4 5 6 7 8 9 10
9 1 2 3 4 6 7 8 9 10
10 1 2 3 4 5 6 7 8 9 10
10 1 2 3 4 5 6 7 8 9 10
9 1 2 3 4 6 7 8 9 10
10 1 2 3 4 5 6 7 8 9 10
10 1 2 3 4 5 6 7 8 9 10
10 1 2 3 4 5 6 7 8 9 10
10 1 2 3 4 5 6 7 8 9 10
10 1 2 3 4 5 6 7 8 9 10
10 1 2 3 4 5 6 7 8 9 10
10 1 2 3 4 5 6 7 8 9 10
10 1 2 3 4 5 6 7 8 9 10
10 1 2 3 4 5 6 7 8 9 10
10 1 2 3 4 5 6 7 8 9 10
10 1 2 3 4 5 6 7 8 9 10
10 1 2 3 4 5 6 7 8 9 10
10 1 2 3 4 5 6 7 8 9 10
10 1 2 3 4 5 6 7 8 9 10
10 1 2 3 4 5 6 7 8 9 10
10 1 2 3 4 5 6 7 8 9 10
10 1 2 3 4 5 6 7 8 9 10
10 1 2 3 4 5 6 7 8 9 10
10 1 2 3 4 5 6 7 8 9 10
10 1 2 3 4 5 6 7 8 9 10
9 2 3 4 5 6 7 8 9 10
10 1 2 3 4 5 6 7 8 9 10
9 1 2 3 4 6 7 8 9 10
10 1 2 3 4 5 6 7 8 9 10
10 1 2 3 4 5 6 7 8 9 10
10 1 2 3 4 5 6 7 8 9 10
10 1 2 3 4 5 6 7 8 9 10
10 1 2 3 4 5 6 7 8 9 10
10 1 2 3 4 5 6 7 8 9 10
10 1 2 3 4 5 6 7 8 9 10
10 1 2 3 4 5 6 7 8 9 10
10 1 2 3 4 5 6 7 8 9 10
9 2 3 4 5 6 7 8 9 10
10 1 2 3 4 5 6 7 8 9 10
10 1 2 3 4 5 6 7 8 9 10
10 1 2 3 4 5 6 7 8 9 10
10 1 2 3 4 5 6 7 8 9 10
10 1 2 3 4 5 6 7 8 9 10
10 1 2 3 4 5 6 7 8 9 10
10 1 2 3 4 5 6 7 8 9 10
10 1 2 3 4 5 6 7 8 9 10
10 1 2 3 4 5 6 7 8 9 10
10 1 2 3 4 5 6 7 8 9 10
9 1 2 3 4 5 7 8 9 10
10 1 2 3 4 5 6 7 8 9 10
10 1 2 3 4 5 6 7 8 9 10
10 1 2 3 4 5 6 7 8 9 10
10 1 2 3 4 5 6 7 8 9 10
10 1 2 3 4 5 6 7 8 9 10
10 1 2 3 4 5 6 7 8 9 10
10 1 2 3 4 5 6 7 8 9 10
10 1 2 3 4 5 6 7 8 9 10
10 1 2 3 4 5 6 7 8 9 10
10 1 2 3 4 5 6 7 8 9 10
9 1 2 3 4 5 6 8 9 10
10 1 2 3 4 5 6 7 8 9 10
10 1 2 3 4 5 6 7 8 9 10
10 1 2 3 4 5 6 7 8 9 10
9 2 3 4 5 6 7 8 9 10
10 1 2 3 4 5 6 7 8 9 10
10 1 2 3 4 5 6 7 8 9 10
9 1 2 3 4 6 7 8 9 10
9 2 3 4 5 6 7 8 9 10
10 1 2 3 4 5 6 7 8 9 10
10 1 2 3 4 5 6 7 8 9 10
10 1 2 3 4 5 6 7 8 9 10
10 1 2 3 4 5 6 7 8 9 10
10 1 2 3 4 5 6 7 8 9 10
10 1 2 3 4 5 6 7 8 9 10
10 1 2 3 4 5 6 7 8 9 10
10 1 2 3 4 5 6 7 8 9 10
10 1 2 3 4 5 6 7 8 9 10
10 1 2 3 4 5 6 7 8 9 10
10 1 2 3 4 5 6 7 8 9 10
10 1 2 3 4 5 6 7 8 9 10
9 2 3 4 5 6 7 8 9 10
10 1 2 3 4 5 6 7 8 9 10
10 1 2 3 4 5 6 7 8 9 10
10 1 2 3 4 5 6 7 8 9 10
10 1 2 3 4 5 6 7 8 9 10
10 1 2 3 4 5 6 7 8 9 10
10 1 2 3 4 5 6 7 8 9 10
10 1 2 3 4 5 6 7 8 9 10
10 1 2 3 4 5 6 7 8 9 10
10 1 2 3 4 5 6 7 8 9 10
10 1 2 3 4 5 6 7 8 9 10
10 1 2 3 4 5 6 7 8 9 10
10 1 2 3 4 5 6 7 8 9 10
10 1 2 3 4 5 6 7 8 9 10
10 1 2 3 4 5 6 7 8 9 10
10 1 2 3 4 5 6 7 8 9 10
10 1 2 3 4 5 6 7 8 9 10
10 1 2 3 4 5 6 7 8 9 10
10 1 2 3 4 5 6 7 8 9 10
10 1 2 3 4 5 6 7 8 9 10
10 1 2 3 4 5 6 7 8 9 10
10 1 2 3 4 5 6 7 8 9 10
10 1 2 3 4 5 6 7 8 9 10
10 1 2 3 4 5 6 7 8 9 10
10 1 2 3 4 5 6 7 8 9 10
10 1 2 3 4 5 6 7 8 9 10
10 1 2 3 4 5 6 7 8 9 10
10 1 2 3 4 5 6 7 8 9 10
10 1 2 3 4 5 6 7 8 9 10
10 1 2 3 4 5 6 7 8 9 10
10 1 2 3 4 5 6 7 8 9 10
10 1 2 3 4 5 6 7 8 9 10
10 1 2 3 4 5 6 7 8 9 10
8 1 2 4 6 7 8 9 10
10 1 2 3 4 5 6 7 8 9 10
10 1 2 3 4 5 6 7 8 9 10
10 1 2 3 4 5 6 7 8 9 10
9 1 2 3 4 5 6 7 9 10
10 1 2 3 4 5 6 7 8 9 10
10 1 2 3 4 5 6 7 8 9 10
10 1 2 3 4 5 6 7 8 9 10
10 1 2 3 4 5 6 7 8 9 10
10 1 2 3 4 5 6 7 8 9 10
10 1 2 3 4 5 6 7 8 9 10
10 1 2 3 4 5 6 7 8 9 10
10 1 2 3 4 5 6 7 8 9 10
10 1 2 3 4 5 6 7 8 9 10
10 1 2 3 4 5 6 7 8 9 10
10 1 2 3 4 5 6 7 8 9 10
10 1 2 3 4 5 6 7 8 9 10
10 1 2 3 4 5 6 7 8 9 10
10 1 2 3 4 5 6 7 8 9 10
10 1 2 3 4 5 6 7 8 9 10
10 1 2 3 4 5 6 7 8 9 10
10 1 2 3 4 5 6 7 8 9 10
10 1 2 3 4 5 6 7 8 9 10
10 1 2 3 4 5 6 7 8 9 10
10 1 2 3 4 5 6 7 8 9 10
9 1 2 3 4 6 7 8 9 10
9 1 2 3 4 5 7 8 9 10
10 1 2 3 4 5 6 7 8 9 10
10 1 2 3 4 5 6 7 8 9 10
10 1 2 3 4 5 6 7 8 9 10
10 1 2 3 4 5 6 7 8 9 10
10 1 2 3 4 5 6 7 8 9 10
10 1 2 3 4 5 6 7 8 9 10
10 1 2 3 4 5 6 7 8 9 10
10 1 2 3 4 5 6 7 8 9 10
10 1 2 3 4 5 6 7 8 9 10
10 1 2 3 4 5 6 7 8 9 10
10 1 2 3 4 5 6 7 8 9 10
10 1 2 3 4 5 6 7 8 9 10
10 1 2 3 4 5 6 7 8 9 10
10 1 2 3 4 5 6 7 8 9 10
10 1 2 3 4 5 6 7 8 9 10
10 1 2 3 4 5 6 7 8 9 10
10 1 2 3 4 5 6 7 8 9 10
10 1 2 3 4 5 6 7 8 9 10
10 1 2 3 4 5 6 7 8 9 10
10 1 2 3 4 5 6 7 8 9 10
10 1 2 3 4 5 6 7 8 9 10
10 1 2 3 4 5 6 7 8 9 10
9 1 2 3 4 5 7 8 9 10
9 1 2 3 4 6 7 8 9 10
10 1 2 3 4 5 6 7 8 9 10
10 1 2 3 4 5 6 7 8 9 10
10 1 2 3 4 5 6 7 8 9 10
10 1 2 3 4 5 6 7 8 9 10
10 1 2 3 4 5 6 7 8 9 10
10 1 2 3 4 5 6 7 8 9 10
10 1 2 3 4 5 6 7 8 9 10
10 1 2 3 4 5 6 7 8 9 10
10 1 2 3 4 5 6 7 8 9 10
10 1 2 3 4 5 6 7 8 9 10
10 1 2 3 4 5 6 7 8 9 10
10 1 2 3 4 5 6 7 8 9 10
10 1 2 3 4 5 6 7 8 9 10
10 1 2 3 4 5 6 7 8 9 10
10 1 2 3 4 5 6 7 8 9 10
10 1 2 3 4 5 6 7 8 9 10
10 1 2 3 4 5 6 7 8 9 10
9 1 2 3 4 6 7 8 9 10
10 1 2 3 4 5 6 7 8 9 10
9 1 2 3 4 6 7 8 9 10
9 2 3 4 5 6 7 8 9 10
10 1 2 3 4 5 6 7 8 9 10
10 1 2 3 4 5 6 7 8 9 10
10 1 2 3 4 5 6 7 8 9 10
10 1 2 3 4 5 6 7 8 9 10
10 1 2 3 4 5 6 7 8 9 10
9 2 3 4 5 6 7 8 9 10
10 1 2 3 4 5 6 7 8 9 10
10 1 2 3 4 5 6 7 8 9 10
10 1 2 3 4 5 6 7 8 9 10
10 1 2 3 4 5 6 7 8 9 10
10 1 2 3 4 5 6 7 8 9 10
10 1 2 3 4 5 6 7 8 9 10
10 1 2 3 4 5 6 7 8 9 10
10 1 2 3 4 5 6 7 8 9 10
10 1 2 3 4 5 6 7 8 9 10
10 1 2 3 4 5 6 7 8 9 10
10 1 2 3 4 5 6 7 8 9 10
10 1 2 3 4 5 6 7 8 9 10
10 1 2 3 4 5 6 7 8 9 10
10 1 2 3 4 5 6 7 8 9 10
10 1 2 3 4 5 6 7 8 9 10
9 1 2 3 4 5 7 8 9 10
10 1 2 3 4 5 6 7 8 9 10
10 1 2 3 4 5 6 7 8 9 10
10 1 2 3 4 5 6 7 8 9 10
10 1 2 3 4 5 6 7 8 9 10
10 1 2 3 4 5 6 7 8 9 10
10 1 2 3 4 5 6 7 8 9 10
10 1 2 3 4 5 6 7 8 9 10
10 1 2 3 4 5 6 7 8 9 10
10 1 2 3 4 5 6 7 8 9 10
10 1 2 3 4 5 6 7 8 9 10
10 1 2 3 4 5 6 7 8 9 10
10 1 2 3 4 5 6 7 8 9 10
10 1 2 3 4 5 6 7 8 9 10
10 1 2 3 4 5 6 7 8 9 10
10 1 2 3 4 5 6 7 8 9 10
10 1 2 3 4 5 6 7 8 9 10
10 1 2 3 4 5 6 7 8 9 10
10 1 2 3 4 5 6 7 8 9 10
10 1 2 3 4 5 6 7 8 9 10
10 1 2 3 4 5 6 7 8 9 10
10 1 2 3 4 5 6 7 8 9 10
10 1 2 3 4 5 6 7 8 9 10
10 1 2 3 4 5 6 7 8 9 10
10 1 2 3 4 5 6 7 8 9 10
10 1 2 3 4 5 6 7 8 9 10
10 1 2 3 4 5 6 7 8 9 10
10 1 2 3 4 5 6 7 8 9 10
10 1 2 3 4 5 6 7 8 9 10
10 1 2 3 4 5 6 7 8 9 10
10 1 2 3 4 5 6 7 8 9 10
10 1 2 3 4 5 6 7 8 9 10
10 1 2 3 4 5 6 7 8 9 10
10 1 2 3 4 5 6 7 8 9 10
10 1 2 3 4 5 6 7 8 9 10
10 1 2 3 4 5 6 7 8 9 10
10 1 2 3 4 5 6 7 8 9 10
10 1 2 3 4 5 6 7 8 9 10
10 1 2 3 4 5 6 7 8 9 10
10 1 2 3 4 5 6 7 8 9 10
10 1 2 3 4 5 6 7 8 9 10
10 1 2 3 4 5 6 7 8 9 10
10 1 2 3 4 5 6 7 8 9 10
10 1 2 3 4 5 6 7 8 9 10
10 1 2 3 4 5 6 7 8 9 10
9 1 2 3 4 5 6 7 9 10
10 1 2 3 4 5 6 7 8 9 10
10 1 2 3 4 5 6 7 8 9 10
10 1 2 3 4 5 6 7 8 9 10
10 1 2 3 4 5 6 7 8 9 10
10 1 2 3 4 5 6 7 8 9 10
10 1 2 3 4 5 6 7 8 9 10
10 1 2 3 4 5 6 7 8 9 10
10 1 2 3 4 5 6 7 8 9 10
10 1 2 3 4 5 6 7 8 9 10
10 1 2 3 4 5 6 7 8 9 10
10 1 2 3 4 5 6 7 8 9 10
10 1 2 3 4 5 6 7 8 9 10
10 1 2 3 4 5 6 7 8 9 10
10 1 2 3 4 5 6 7 8 9 10
10 1 2 3 4 5 6 7 8 9 10
10 1 2 3 4 5 6 7 8 9 10
10 1 2 3 4 5 6 7 8 9 10
10 1 2 3 4 5 6 7 8 9 10
10 1 2 3 4 5 6 7 8 9 10
10 1 2 3 4 5 6 7 8 9 10
10 1 2 3 4 5 6 7 8 9 10
10 1 2 3 4 5 6 7 8 9 10
10 1 2 3 4 5 6 7 8 9 10
10 1 2 3 4 5 6 7 8 9 10
10 1 2 3 4 5 6 7 8 9 10
9 2 3 4 5 6 7 8 9 10
10 1 2 3 4 5 6 7 8 9 10
9 1 2 3 4 6 7 8 9 10
9 1 2 3 4 5 7 8 9 10
10 1 2 3 4 5 6 7 8 9 10
10 1 2 3 4 5 6 7 8 9 10
10 1 2 3 4 5 6 7 8 9 10
10 1 2 3 4 5 6 7 8 9 10
10 1 2 3 4 5 6 7 8 9 10
10 1 2 3 4 5 6 7 8 9 10
10 1 2 3 4 5 6 7 8 9 10
10 1 2 3 4 5 6 7 8 9 10
10 1 2 3 4 5 6 7 8 9 10
10 1 2 3 4 5 6 7 8 9 10
10 1 2 3 4 5 6 7 8 9 10
10 1 2 3 4 5 6 7 8 9 10
10 1 2 3 4 5 6 7 8 9 10
10 1 2 3 4 5 6 7 8 9 10
9 2 3 4 5 6 7 8 9 10
10 1 2 3 4 5 6 7 8 9 10
10 1 2 3 4 5 6 7 8 9 10
10 1 2 3 4 5 6 7 8 9 10
10 1 2 3 4 5 6 7 8 9 10
10 1 2 3 4 5 6 7 8 9 10
10 1 2 3 4 5 6 7 8 9 10
10 1 2 3 4 5 6 7 8 9 10
10 1 2 3 4 5 6 7 8 9 10
10 1 2 3 4 5 6 7 8 9 10
10 1 2 3 4 5 6 7 8 9 10
10 1 2 3 4 5 6 7 8 9 10
10 1 2 3 4 5 6 7 8 9 10
10 1 2 3 4 5 6 7 8 9 10
10 1 2 3 4 5 6 7 8 9 10
10 1 2 3 4 5 6 7 8 9 10
10 1 2 3 4 5 6 7 8 9 10
10 1 2 3 4 5 6 7 8 9 10
10 1 2 3 4 5 6 7 8 9 10
10 1 2 3 4 5 6 7 8 9 10
10 1 2 3 4 5 6 7 8 9 10
10 1 2 3 4 5 6 7 8 9 10
10 1 2 3 4 5 6 7 8 9 10
10 1 2 3 4 5 6 7 8 9 10
10 1 2 3 4 5 6 7 8 9 10
10 1 2 3 4 5 6 7 8 9 10
10 1 2 3 4 5 6 7 8 9 10
10 1 2 3 4 5 6 7 8 9 10
10 1 2 3 4 5 6 7 8 9 10
9 1 2 3 4 6 7 8 9 10
10 1 2 3 4 5 6 7 8 9 10
10 1 2 3 4 5 6 7 8 9 10
10 1 2 3 4 5 6 7 8 9 10
10 1 2 3 4 5 6 7 8 9 10
10 1 2 3 4 5 6 7 8 9 10
9 1 2 3 4 6 7 8 9 10
10 1 2 3 4 5 6 7 8 9 10
10 1 2 3 4 5 6 7 8 9 10
10 1 2 3 4 5 6 7 8 9 10
10 1 2 3 4 5 6 7 8 9 10
8 2 3 4 5 6 8 9 10
10 1 2 3 4 5 6 7 8 9 10
10 1 2 3 4 5 6 7 8 9 10
10 1 2 3 4 5 6 7 8 9 10
9 1 2 3 4 5 7 8 9 10
10 1 2 3 4 5 6 7 8 9 10
10 1 2 3 4 5 6 7 8 9 10
9 1 2 3 4 6 7 8 9 10
10 1 2 3 4 5 6 7 8 9 10
10 1 2 3 4 5 6 7 8 9 10
10 1 2 3 4 5 6 7 8 9 10
10 1 2 3 4 5 6 7 8 9 10
10 1 2 3 4 5 6 7 8 9 10
10 1 2 3 4 5 6 7 8 9 10
10 1 2 3 4 5 6 7 8 9 10
9 1 2 3 4 5 7 8 9 10
10 1 2 3 4 5 6 7 8 9 10
10 1 2 3 4 5 6 7 8 9 10
10 1 2 3 4 5 6 7 8 9 10
10 1 2 3 4 5 6 7 8 9 10
10 1 2 3 4 5 6 7 8 9 10
10 1 2 3 4 5 6 7 8 9 10
10 1 2 3 4 5 6 7 8 9 10
10 1 2 3 4 5 6 7 8 9 10
10 1 2 3 4 5 6 7 8 9 10
10 1 2 3 4 5 6 7 8 9 10
10 1 2 3 4 5 6 7 8 9 10
10 1 2 3 4 5 6 7 8 9 10
10 1 2 3 4 5 6 7 8 9 10
9 1 2 3 4 5 7 8 9 10
10 1 2 3 4 5 6 7 8 9 10
10 1 2 3 4 5 6 7 8 9 10
10 1 2 3 4 5 6 7 8 9 10
10 1 2 3 4 5 6 7 8 9 10
10 1 2 3 4 5 6 7 8 9 10
10 1 2 3 4 5 6 7 8 9 10
10 1 2 3 4 5 6 7 8 9 10
10 1 2 3 4 5 6 7 8 9 10
10 1 2 3 4 5 6 7 8 9 10
10 1 2 3 4 5 6 7 8 9 10
10 1 2 3 4 5 6 7 8 9 10
10 1 2 3 4 5 6 7 8 9 10
10 1 2 3 4 5 6 7 8 9 10
10 1 2 3 4 5 6 7 8 9 10
10 1 2 3 4 5 6 7 8 9 10
10 1 2 3 4 5 6 7 8 9 10
9 1 2 3 4 5 6 7 8 9
10 1 2 3 4 5 6 7 8 9 10
10 1 2 3 4 5 6 7 8 9 10
10 1 2 3 4 5 6 7 8 9 10
10 1 2 3 4 5 6 7 8 9 10
10 1 2 3 4 5 6 7 8 9 10
10 1 2 3 4 5 6 7 8 9 10
10 1 2 3 4 5 6 7 8 9 10
10 1 2 3 4 5 6 7 8 9 10
10 1 2 3 4 5 6 7 8 9 10
10 1 2 3 4 5 6 7 8 9 10
10 1 2 3 4 5 6 7 8 9 10
10 1 2 3 4 5 6 7 8 9 10
10 1 2 3 4 5 6 7 8 9 10
10 1 2 3 4 5 6 7 8 9 10
10 1 2 3 4 5 6 7 8 9 10
10 1 2 3 4 5 6 7 8 9 10
10 1 2 3 4 5 6 7 8 9 10
10 1 2 3 4 5 6 7 8 9 10
10 1 2 3 4 5 6 7 8 9 10
10 1 2 3 4 5 6 7 8 9 10
10 1 2 3 4 5 6 7 8 9 10
10 1 2 3 4 5 6 7 8 9 10
10 1 2 3 4 5 6 7 8 9 10
10 1 2 3 4 5 6 7 8 9 10
10 1 2 3 4 5 6 7 8 9 10
10 1 2 3 4 5 6 7 8 9 10
10 1 2 3 4 5 6 7 8 9 10
10 1 2 3 4 5 6 7 8 9 10
8 1 2 3 4 7 8 9 10
10 1 2 3 4 5 6 7 8 9 10
10 1 2 3 4 5 6 7 8 9 10
10 1 2 3 4 5 6 7 8 9 10
10 1 2 3 4 5 6 7 8 9 10
10 1 2 3 4 5 6 7 8 9 10
10 1 2 3 4 5 6 7 8 9 10
10 1 2 3 4 5 6 7 8 9 10
9 1 2 3 4 5 6 8 9 10
10 1 2 3 4 5 6 7 8 9 10
10 1 2 3 4 5 6 7 8 9 10
10 1 2 3 4 5 6 7 8 9 10
10 1 2 3 4 5 6 7 8 9 10
10 1 2 3 4 5 6 7 8 9 10
10 1 2 3 4 5 6 7 8 9 10
10 1 2 3 4 5 6 7 8 9 10
10 1 2 3 4 5 6 7 8 9 10
10 1 2 3 4 5 6 7 8 9 10
10 1 2 3 4 5 6 7 8 9 10
10 1 2 3 4 5 6 7 8 9 10
10 1 2 3 4 5 6 7 8 9 10
10 1 2 3 4 5 6 7 8 9 10
10 1 2 3 4 5 6 7 8 9 10
10 1 2 3 4 5 6 7 8 9 10
10 1 2 3 4 5 6 7 8 9 10
10 1 2 3 4 5 6 7 8 9 10
10 1 2 3 4 5 6 7 8 9 10
10 1 2 3 4 5 6 7 8 9 10
10 1 2 3 4 5 6 7 8 9 10
8 1 2 4 5 7 8 9 10
10 1 2 3 4 5 6 7 8 9 10
10 1 2 3 4 5 6 7 8 9 10
10 1 2 3 4 5 6 7 8 9 10
10 1 2 3 4 5 6 7 8 9 10
10 1 2 3 4 5 6 7 8 9 10
10 1 2 3 4 5 6 7 8 9 10
10 1 2 3 4 5 6 7 8 9 10
10 1 2 3 4 5 6 7 8 9 10
10 1 2 3 4 5 6 7 8 9 10
10 1 2 3 4 5 6 7 8 9 10
10 1 2 3 4 5 6 7 8 9 10
10 1 2 3 4 5 6 7 8 9 10
10 1 2 3 4 5 6 7 8 9 10
10 1 2 3 4 5 6 7 8 9 10
10 1 2 3 4 5 6 7 8 9 10
10 1 2 3 4 5 6 7 8 9 10
10 1 2 3 4 5 6 7 8 9 10
10 1 2 3 4 5 6 7 8 9 10
10 1 2 3 4 5 6 7 8 9 10
10 1 2 3 4 5 6 7 8 9 10
10 1 2 3 4 5 6 7 8 9 10
10 1 2 3 4 5 6 7 8 9 10
10 1 2 3 4 5 6 7 8 9 10
10 1 2 3 4 5 6 7 8 9 10
10 1 2 3 4 5 6 7 8 9 10
10 1 2 3 4 5 6 7 8 9 10
10 1 2 3 4 5 6 7 8 9 10
10 1 2 3 4 5 6 7 8 9 10
10 1 2 3 4 5 6 7 8 9 10
10 1 2 3 4 5 6 7 8 9 10
10 1 2 3 4 5 6 7 8 9 10
10 1 2 3 4 5 6 7 8 9 10
10 1 2 3 4 5 6 7 8 9 10
10 1 2 3 4 5 6 7 8 9 10
10 1 2 3 4 5 6 7 8 9 10
10 1 2 3 4 5 6 7 8 9 10
10 1 2 3 4 5 6 7 8 9 10
10 1 2 3 4 5 6 7 8 9 10
10 1 2 3 4 5 6 7 8 9 10
9 1 2 3 4 6 7 8 9 10
10 1 2 3 4 5 6 7 8 9 10
9 1 2 3 4 5 7 8 9 10
10 1 2 3 4 5 6 7 8 9 10
10 1 2 3 4 5 6 7 8 9 10
10 1 2 3 4 5 6 7 8 9 10
10 1 2 3 4 5 6 7 8 9 10
10 1 2 3 4 5 6 7 8 9 10
10 1 2 3 4 5 6 7 8 9 10
9 1 2 3 4 5 6 7 8 10
10 1 2 3 4 5 6 7 8 9 10
10 1 2 3 4 5 6 7 8 9 10
10 1 2 3 4 5 6 7 8 9 10
10 1 2 3 4 5 6 7 8 9 10
10 1 2 3 4 5 6 7 8 9 10
10 1 2 3 4 5 6 7 8 9 10
10 1 2 3 4 5 6 7 8 9 10
9 1 2 3 4 6 7 8 9 10
10 1 2 3 4 5 6 7 8 9 10
10 1 2 3 4 5 6 7 8 9 10
10 1 2 3 4 5 6 7 8 9 10
10 1 2 3 4 5 6 7 8 9 10
10 1 2 3 4 5 6 7 8 9 10
10 1 2 3 4 5 6 7 8 9 10
10 1 2 3 4 5 6 7 8 9 10
10 1 2 3 4 5 6 7 8 9 10
10 1 2 3 4 5 6 7 8 9 10
10 1 2 3 4 5 6 7 8 9 10
10 1 2 3 4 5 6 7 8 9 10
10 1 2 3 4 5 6 7 8 9 10
9 1 2 3 4 5 7 8 9 10
10 1 2 3 4 5 6 7 8 9 10
8 1 2 3 4 7 8 9 10
10 1 2 3 4 5 6 7 8 9 10
10 1 2 3 4 5 6 7 8 9 10
10 1 2 3 4 5 6 7 8 9 10
10 1 2 3 4 5 6 7 8 9 10
10 1 2 3 4 5 6 7 8 9 10
10 1 2 3 4 5 6 7 8 9 10
9 1 2 3 4 6 7 8 9 10
10 1 2 3 4 5 6 7 8 9 10
10 1 2 3 4 5 6 7 8 9 10
10 1 2 3 4 5 6 7 8 9 10
10 1 2 3 4 5 6 7 8 9 10
10 1 2 3 4 5 6 7 8 9 10
9 2 3 4 5 6 7 8 9 10
10 1 2 3 4 5 6 7 8 9 10
10 1 2 3 4 5 6 7 8 9 10
10 1 2 3 4 5 6 7 8 9 10
10 1 2 3 4 5 6 7 8 9 10
10 1 2 3 4 5 6 7 8 9 10
10 1 2 3 4 5 6 7 8 9 10
10 1 2 3 4 5 6 7 8 9 10
10 1 2 3 4 5 6 7 8 9 10
10 1 2 3 4 5 6 7 8 9 10
10 1 2 3 4 5 6 7 8 9 10
10 1 2 3 4 5 6 7 8 9 10
9 1 2 3 4 6 7 8 9 10
10 1 2 3 4 5 6 7 8 9 10
10 1 2 3 4 5 6 7 8 9 10
10 1 2 3 4 5 6 7 8 9 10
10 1 2 3 4 5 6 7 8 9 10
9 2 3 4 5 6 7 8 9 10
10 1 2 3 4 5 6 7 8 9 10
10 1 2 3 4 5 6 7 8 9 10
10 1 2 3 4 5 6 7 8 9 10
9 1 2 4 5 6 7 8 9 10
10 1 2 3 4 5 6 7 8 9 10
10 1 2 3 4 5 6 7 8 9 10
10 1 2 3 4 5 6 7 8 9 10
10 1 2 3 4 5 6 7 8 9 10
10 1 2 3 4 5 6 7 8 9 10
10 1 2 3 4 5 6 7 8 9 10
10 1 2 3 4 5 6 7 8 9 10
10 1 2 3 4 5 6 7 8 9 10
10 1 2 3 4 5 6 7 8 9 10
10 1 2 3 4 5 6 7 8 9 10
10 1 2 3 4 5 6 7 8 9 10
10 1 2 3 4 5 6 7 8 9 10
10 1 2 3 4 5 6 7 8 9 10
10 1 2 3 4 5 6 7 8 9 10
10 1 2 3 4 5 6 7 8 9 10
10 1 2 3 4 5 6 7 8 9 10
10 1 2 3 4 5 6 7 8 9 10
10 1 2 3 4 5 6 7 8 9 10
10 1 2 3 4 5 6 7 8 9 10
10 1 2 3 4 5 6 7 8 9 10
10 1 2 3 4 5 6 7 8 9 10
10 1 2 3 4 5 6 7 8 9 10
10 1 2 3 4 5 6 7 8 9 10
10 1 2 3 4 5 6 7 8 9 10
9 2 3 4 5 6 7 8 9 10
10 1 2 3 4 5 6 7 8 9 10
10 1 2 3 4 5 6 7 8 9 10
10 1 2 3 4 5 6 7 8 9 10
9 1 2 3 4 6 7 8 9 10
10 1 2 3 4 5 6 7 8 9 10
10 1 2 3 4 5 6 7 8 9 10
10 1 2 3 4 5 6 7 8 9 10
10 1 2 3 4 5 6 7 8 9 10
10 1 2 3 4 5 6 7 8 9 10
10 1 2 3 4 5 6 7 8 9 10
10 1 2 3 4 5 6 7 8 9 10
10 1 2 3 4 5 6 7 8 9 10
10 1 2 3 4 5 6 7 8 9 10
10 1 2 3 4 5 6 7 8 9 10
10 1 2 3 4 5 6 7 8 9 10
10 1 2 3 4 5 6 7 8 9 10
10 1 2 3 4 5 6 7 8 9 10
10 1 2 3 4 5 6 7 8 9 10
10 1 2 3 4 5 6 7 8 9 10
10 1 2 3 4 5 6 7 8 9 10
10 1 2 3 4 5 6 7 8 9 10
10 1 2 3 4 5 6 7 8 9 10
10 1 2 3 4 5 6 7 8 9 10
10 1 2 3 4 5 6 7 8 9 10
10 1 2 3 4 5 6 7 8 9 10
10 1 2 3 4 5 6 7 8 9 10
10 1 2 3 4 5 6 7 8 9 10
10 1 2 3 4 5 6 7 8 9 10
10 1 2 3 4 5 6 7 8 9 10
10 1 2 3 4 5 6 7 8 9 10
10 1 2 3 4 5 6 7 8 9 10
10 1 2 3 4 5 6 7 8 9 10
10 1 2 3 4 5 6 7 8 9 10
10 1 2 3 4 5 6 7 8 9 10
9 1 2 3 4 6 7 8 9 10
10 1 2 3 4 5 6 7 8 9 10
10 1 2 3 4 5 6 7 8 9 10
10 1 2 3 4 5 6 7 8 9 10
10 1 2 3 4 5 6 7 8 9 10
10 1 2 3 4 5 6 7 8 9 10
10 1 2 3 4 5 6 7 8 9 10
10 1 2 3 4 5 6 7 8 9 10
10 1 2 3 4 5 6 7 8 9 10
10 1 2 3 4 5 6 7 8 9 10
10 1 2 3 4 5 6 7 8 9 10
10 1 2 3 4 5 6 7 8 9 10
10 1 2 3 4 5 6 7 8 9 10
10 1 2 3 4 5 6 7 8 9 10
10 1 2 3 4 5 6 7 8 9 10
10 1 2 3 4 5 6 7 8 9 10
10 1 2 3 4 5 6 7 8 9 10
10 1 2 3 4 5 6 7 8 9 10
10 1 2 3 4 5 6 7 8 9 10
10 1 2 3 4 5 6 7 8 9 10
10 1 2 3 4 5 6 7 8 9 10
10 1 2 3 4 5 6 7 8 9 10
9 1 2 3 4 5 7 8 9 10
10 1 2 3 4 5 6 7 8 9 10
10 1 2 3 4 5 6 7 8 9 10
10 1 2 3 4 5 6 7 8 9 10
10 1 2 3 4 5 6 7 8 9 10
10 1 2 3 4 5 6 7 8 9 10
10 1 2 3 4 5 6 7 8 9 10
10 1 2 3 4 5 6 7 8 9 10
10 1 2 3 4 5 6 7 8 9 10
10 1 2 3 4 5 6 7 8 9 10
10 1 2 3 4 5 6 7 8 9 10
10 1 2 3 4 5 6 7 8 9 10
10 1 2 3 4 5 6 7 8 9 10
10 1 2 3 4 5 6 7 8 9 10
10 1 2 3 4 5 6 7 8 9 10
10 1 2 3 4 5 6 7 8 9 10
10 1 2 3 4 5 6 7 8 9 10
10 1 2 3 4 5 6 7 8 9 10
10 1 2 3 4 5 6 7 8 9 10
9 1 2 3 4 6 7 8 9 10
9 1 2 3 4 6 7 8 9 10
9 1 2 3 4 6 7 8 9 10
10 1 2 3 4 5 6 7 8 9 10
10 1 2 3 4 5 6 7 8 9 10
9 1 2 3 4 6 7 8 9 10
10 1 2 3 4 5 6 7 8 9 10
10 1 2 3 4 5 6 7 8 9 10
10 1 2 3 4 5 6 7 8 9 10
10 1 2 3 4 5 6 7 8 9 10
10 1 2 3 4 5 6 7 8 9 10
10 1 2 3 4 5 6 7 8 9 10
10 1 2 3 4 5 6 7 8 9 10
10 1 2 3 4 5 6 7 8 9 10
10 1 2 3 4 5 6 7 8 9 10
10 1 2 3 4 5 6 7 8 9 10
9 1 2 3 4 6 7 8 9 10
10 1 2 3 4 5 6 7 8 9 10
10 1 2 3 4 5 6 7 8 9 10
10 1 2 3 4 5 6 7 8 9 10
10 1 2 3 4 5 6 7 8 9 10
10 1 2 3 4 5 6 7 8 9 10
10 1 2 3 4 5 6 7 8 9 10
9 1 2 3 4 5 7 8 9 10
10 1 2 3 4 5 6 7 8 9 10
10 1 2 3 4 5 6 7 8 9 10
10 1 2 3 4 5 6 7 8 9 10
10 1 2 3 4 5 6 7 8 9 10
10 1 2 3 4 5 6 7 8 9 10
10 1 2 3 4 5 6 7 8 9 10
10 1 2 3 4 5 6 7 8 9 10
10 1 2 3 4 5 6 7 8 9 10
10 1 2 3 4 5 6 7 8 9 10
10 1 2 3 4 5 6 7 8 9 10
9 1 2 3 4 5 6 7 8 10
10 1 2 3 4 5 6 7 8 9 10
10 1 2 3 4 5 6 7 8 9 10
10 1 2 3 4 5 6 7 8 9 10
10 1 2 3 4 5 6 7 8 9 10
10 1 2 3 4 5 6 7 8 9 10
8 1 2 4 5 7 8 9 10
10 1 2 3 4 5 6 7 8 9 10
10 1 2 3 4 5 6 7 8 9 10
10 1 2 3 4 5 6 7 8 9 10
10 1 2 3 4 5 6 7 8 9 10
10 1 2 3 4 5 6 7 8 9 10
10 1 2 3 4 5 6 7 8 9 10
10 1 2 3 4 5 6 7 8 9 10
10 1 2 3 4 5 6 7 8 9 10
10 1 2 3 4 5 6 7 8 9 10
10 1 2 3 4 5 6 7 8 9 10
10 1 2 3 4 5 6 7 8 9 10
10 1 2 3 4 5 6 7 8 9 10
10 1 2 3 4 5 6 7 8 9 10
10 1 2 3 4 5 6 7 8 9 10
10 1 2 3 4 5 6 7 8 9 10
10 1 2 3 4 5 6 7 8 9 10
10 1 2 3 4 5 6 7 8 9 10
10 1 2 3 4 5 6 7 8 9 10
10 1 2 3 4 5 6 7 8 9 10
10 1 2 3 4 5 6 7 8 9 10
10 1 2 3 4 5 6 7 8 9 10
10 1 2 3 4 5 6 7 8 9 10
9 1 2 3 4 6 7 8 9 10
10 1 2 3 4 5 6 7 8 9 10
10 1 2 3 4 5 6 7 8 9 10
10 1 2 3 4 5 6 7 8 9 10
10 1 2 3 4 5 6 7 8 9 10
10 1 2 3 4 5 6 7 8 9 10
10 1 2 3 4 5 6 7 8 9 10
10 1 2 3 4 5 6 7 8 9 10
10 1 2 3 4 5 6 7 8 9 10
10 1 2 3 4 5 6 7 8 9 10
10 1 2 3 4 5 6 7 8 9 10
10 1 2 3 4 5 6 7 8 9 10
10 1 2 3 4 5 6 7 8 9 10
10 1 2 3 4 5 6 7 8 9 10
10 1 2 3 4 5 6 7 8 9 10
10 1 2 3 4 5 6 7 8 9 10
10 1 2 3 4 5 6 7 8 9 10
10 1 2 3 4 5 6 7 8 9 10
10 1 2 3 4 5 6 7 8 9 10
10 1 2 3 4 5 6 7 8 9 10
10 1 2 3 4 5 6 7 8 9 10
10 1 2 3 4 5 6 7 8 9 10
9 1 2 3 4 6 7 8 9 10
10 1 2 3 4 5 6 7 8 9 10
10 1 2 3 4 5 6 7 8 9 10
10 1 2 3 4 5 6 7 8 9 10
10 1 2 3 4 5 6 7 8 9 10
10 1 2 3 4 5 6 7 8 9 10
9 1 2 3 4 6 7 8 9 10
10 1 2 3 4 5 6 7 8 9 10
10 1 2 3 4 5 6 7 8 9 10
10 1 2 3 4 5 6 7 8 9 10
10 1 2 3 4 5 6 7 8 9 10
10 1 2 3 4 5 6 7 8 9 10
10 1 2 3 4 5 6 7 8 9 10
10 1 2 3 4 5 6 7 8 9 10
10 1 2 3 4 5 6 7 8 9 10
10 1 2 3 4 5 6 7 8 9 10
10 1 2 3 4 5 6 7 8 9 10
10 1 2 3 4 5 6 7 8 9 10
9 2 3 4 5 6 7 8 9 10
10 1 2 3 4 5 6 7 8 9 10
10 1 2 3 4 5 6 7 8 9 10
10 1 2 3 4 5 6 7 8 9 10
10 1 2 3 4 5 6 7 8 9 10
10 1 2 3 4 5 6 7 8 9 10
10 1 2 3 4 5 6 7 8 9 10
10 1 2 3 4 5 6 7 8 9 10
10 1 2 3 4 5 6 7 8 9 10
9 1 2 3 4 6 7 8 9 10
10 1 2 3 4 5 6 7 8 9 10
10 1 2 3 4 5 6 7 8 9 10
10 1 2 3 4 5 6 7 8 9 10
10 1 2 3 4 5 6 7 8 9 10
10 1 2 3 4 5 6 7 8 9 10
10 1 2 3 4 5 6 7 8 9 10
10 1 2 3 4 5 6 7 8 9 10
10 1 2 3 4 5 6 7 8 9 10
10 1 2 3 4 5 6 7 8 9 10
10 1 2 3 4 5 6 7 8 9 10
10 1 2 3 4 5 6 7 8 9 10
10 1 2 3 4 5 6 7 8 9 10
9 2 3 4 5 6 7 8 9 10
10 1 2 3 4 5 6 7 8 9 10
10 1 2 3 4 5 6 7 8 9 10
10 1 2 3 4 5 6 7 8 9 10
10 1 2 3 4 5 6 7 8 9 10
10 1 2 3 4 5 6 7 8 9 10
10 1 2 3 4 5 6 7 8 9 10
9 1 2 3 4 5 7 8 9 10
10 1 2 3 4 5 6 7 8 9 10
10 1 2 3 4 5 6 7 8 9 10
10 1 2 3 4 5 6 7 8 9 10
10 1 2 3 4 5 6 7 8 9 10
10 1 2 3 4 5 6 7 8 9 10
10 1 2 3 4 5 6 7 8 9 10
10 1 2 3 4 5 6 7 8 9 10
10 1 2 3 4 5 6 7 8 9 10
10 1 2 3 4 5 6 7 8 9 10
10 1 2 3 4 5 6 7 8 9 10
10 1 2 3 4 5 6 7 8 9 10
10 1 2 3 4 5 6 7 8 9 10
10 1 2 3 4 5 6 7 8 9 10
10 1 2 3 4 5 6 7 8 9 10
10 1 2 3 4 5 6 7 8 9 10
10 1 2 3 4 5 6 7 8 9 10
10 1 2 3 4 5 6 7 8 9 10
9 1 2 3 4 5 6 7 8 10
9 2 3 4 5 6 7 8 9 10
10 1 2 3 4 5 6 7 8 9 10
10 1 2 3 4 5 6 7 8 9 10
10 1 2 3 4 5 6 7 8 9 10
10 1 2 3 4 5 6 7 8 9 10
10 1 2 3 4 5 6 7 8 9 10
10 1 2 3 4 5 6 7 8 9 10
10 1 2 3 4 5 6 7 8 9 10
10 1 2 3 4 5 6 7 8 9 10
9 2 3 4 5 6 7 8 9 10
10 1 2 3 4 5 6 7 8 9 10
10 1 2 3 4 5 6 7 8 9 10
10 1 2 3 4 5 6 7 8 9 10
10 1 2 3 4 5 6 7 8 9 10
10 1 2 3 4 5 6 7 8 9 10
10 1 2 3 4 5 6 7 8 9 10
10 1 2 3 4 5 6 7 8 9 10
10 1 2 3 4 5 6 7 8 9 10
10 1 2 3 4 5 6 7 8 9 10
9 1 2 3 4 5 7 8 9 10
10 1 2 3 4 5 6 7 8 9 10
10 1 2 3 4 5 6 7 8 9 10
10 1 2 3 4 5 6 7 8 9 10
10 1 2 3 4 5 6 7 8 9 10
10 1 2 3 4 5 6 7 8 9 10
10 1 2 3 4 5 6 7 8 9 10
10 1 2 3 4 5 6 7 8 9 10
10 1 2 3 4 5 6 7 8 9 10
10 1 2 3 4 5 6 7 8 9 10
10 1 2 3 4 5 6 7 8 9 10
10 1 2 3 4 5 6 7 8 9 10
10 1 2 3 4 5 6 7 8 9 10
10 1 2 3 4 5 6 7 8 9 10
10 1 2 3 4 5 6 7 8 9 10
10 1 2 3 4 5 6 7 8 9 10
10 1 2 3 4 5 6 7 8 9 10
10 1 2 3 4 5 6 7 8 9 10
10 1 2 3 4 5 6 7 8 9 10
10 1 2 3 4 5 6 7 8 9 10
10 1 2 3 4 5 6 7 8 9 10
10 1 2 3 4 5 6 7 8 9 10
10 1 2 3 4 5 6 7 8 9 10
10 1 2 3 4 5 6 7 8 9 10
10 1 2 3 4 5 6 7 8 9 10
9 1 2 3 4 5 7 8 9 10
10 1 2 3 4 5 6 7 8 9 10
10 1 2 3 4 5 6 7 8 9 10
10 1 2 3 4 5 6 7 8 9 10
10 1 2 3 4 5 6 7 8 9 10
10 1 2 3 4 5 6 7 8 9 10
10 1 2 3 4 5 6 7 8 9 10
10 1 2 3 4 5 6 7 8 9 10
9 2 3 4 5 6 7 8 9 10
9 1 2 3 4 6 7 8 9 10
10 1 2 3 4 5 6 7 8 9 10
10 1 2 3 4 5 6 7 8 9 10
10 1 2 3 4 5 6 7 8 9 10
10 1 2 3 4 5 6 7 8 9 10
10 1 2 3 4 5 6 7 8 9 10
10 1 2 3 4 5 6 7 8 9 10
10 1 2 3 4 5 6 7 8 9 10
10 1 2 3 4 5 6 7 8 9 10
10 1 2 3 4 5 6 7 8 9 10
10 1 2 3 4 5 6 7 8 9 10
10 1 2 3 4 5 6 7 8 9 10
10 1 2 3 4 5 6 7 8 9 10
10 1 2 3 4 5 6 7 8 9 10
10 1 2 3 4 5 6 7 8 9 10
10 1 2 3 4 5 6 7 8 9 10
9 1 2 3 4 5 7 8 9 10
10 1 2 3 4 5 6 7 8 9 10
10 1 2 3 4 5 6 7 8 9 10
10 1 2 3 4 5 6 7 8 9 10
10 1 2 3 4 5 6 7 8 9 10
10 1 2 3 4 5 6 7 8 9 10
10 1 2 3 4 5 6 7 8 9 10
10 1 2 3 4 5 6 7 8 9 10
10 1 2 3 4 5 6 7 8 9 10
10 1 2 3 4 5 6 7 8 9 10
10 1 2 3 4 5 6 7 8 9 10
10 1 2 3 4 5 6 7 8 9 10
10 1 2 3 4 5 6 7 8 9 10
9 1 2 3 4 6 7 8 9 10
10 1 2 3 4 5 6 7 8 9 10
10 1 2 3 4 5 6 7 8 9 10
10 1 2 3 4 5 6 7 8 9 10
10 1 2 3 4 5 6 7 8 9 10
10 1 2 3 4 5 6 7 8 9 10
10 1 2 3 4 5 6 7 8 9 10
10 1 2 3 4 5 6 7 8 9 10
10 1 2 3 4 5 6 7 8 9 10
9 2 3 4 5 6 7 8 9 10
10 1 2 3 4 5 6 7 8 9 10
10 1 2 3 4 5 6 7 8 9 10
10 1 2 3 4 5 6 7 8 9 10
10 1 2 3 4 5 6 7 8 9 10
10 1 2 3 4 5 6 7 8 9 10
10 1 2 3 4 5 6 7 8 9 10
10 1 2 3 4 5 6 7 8 9 10
10 1 2 3 4 5 6 7 8 9 10
10 1 2 3 4 5 6 7 8 9 10
10 1 2 3 4 5 6 7 8 9 10
10 1 2 3 4 5 6 7 8 9 10
10 1 2 3 4 5 6 7 8 9 10
10 1 2 3 4 5 6 7 8 9 10
10 1 2 3 4 5 6 7 8 9 10
10 1 2 3 4 5 6 7 8 9 10
10 1 2 3 4 5 6 7 8 9 10
10 1 2 3 4 5 6 7 8 9 10
10 1 2 3 4 5 6 7 8 9 10
10 1 2 3 4 5 6 7 8 9 10
10 1 2 3 4 5 6 7 8 9 10
10 1 2 3 4 5 6 7 8 9 10
10 1 2 3 4 5 6 7 8 9 10
10 1 2 3 4 5 6 7 8 9 10
10 1 2 3 4 5 6 7 8 9 10
10 1 2 3 4 5 6 7 8 9 10
10 1 2 3 4 5 6 7 8 9 10
10 1 2 3 4 5 6 7 8 9 10
10 1 2 3 4 5 6 7 8 9 10
9 1 2 3 4 6 7 8 9 10
10 1 2 3 4 5 6 7 8 9 10
10 1 2 3 4 5 6 7 8 9 10
10 1 2 3 4 5 6 7 8 9 10
10 1 2 3 4 5 6 7 8 9 10
10 1 2 3 4 5 6 7 8 9 10
10 1 2 3 4 5 6 7 8 9 10
10 1 2 3 4 5 6 7 8 9 10
10 1 2 3 4 5 6 7 8 9 10
9 1 2 3 4 5 6 7 9 10
10 1 2 3 4 5 6 7 8 9 10
10 1 2 3 4 5 6 7 8 9 10
10 1 2 3 4 5 6 7 8 9 10
10 1 2 3 4 5 6 7 8 9 10
10 1 2 3 4 5 6 7 8 9 10
10 1 2 3 4 5 6 7 8 9 10
10 1 2 3 4 5 6 7 8 9 10
10 1 2 3 4 5 6 7 8 9 10
10 1 2 3 4 5 6 7 8 9 10
10 1 2 3 4 5 6 7 8 9 10
10 1 2 3 4 5 6 7 8 9 10
10 1 2 3 4 5 6 7 8 9 10
10 1 2 3 4 5 6 7 8 9 10
10 1 2 3 4 5 6 7 8 9 10
10 1 2 3 4 5 6 7 8 9 10
10 1 2 3 4 5 6 7 8 9 10
10 1 2 3 4 5 6 7 8 9 10
10 1 2 3 4 5 6 7 8 9 10
10 1 2 3 4 5 6 7 8 9 10
10 1 2 3 4 5 6 7 8 9 10
10 1 2 3 4 5 6 7 8 9 10
10 1 2 3 4 5 6 7 8 9 10
10 1 2 3 4 5 6 7 8 9 10
10 1 2 3 4 5 6 7 8 9 10
10 1 2 3 4 5 6 7 8 9 10
894 670 142
428 352 905
327 362 700
344 406 289
95 141 720
553 898 466
493 226 160
130 581 461
899 617 842
471 491 767
475 903 503
499 781 635
482 655 690
451 215 449
11 4 705
474 371 272
824 415 967
327 449 373
303 530 880
408 546 313
213 619 729
95 854 944
403 513 257
121 118 246
33 80 311
733 682 53
947 34 927
16 237 288
816 525 185
60 63 712
121 127 964
631 738 858
607 159 858
805 515 483
628 921 599
542 97 699
439 835 408
997 683 276
253 30 761
851 588 359
717 175 802
460 146 789
613 108 724
447 890 43
704 981 144
564 444 948
439 399 912
846 104 616
786 481 588
101 791 97
361 621 365
669 445 795
301 364 582
613 171 351
191 382 520
880 249 373
829 121 896
46 3 176
385 133 338
121 241 550
545 664 223
144 276 321
315 379 601
47 10 19
473 977 888
752 116 153
184 202 620
38 70 181
797 371 908
758 732 60
517 870 81
956 348 594
152 10 870
119 24 614
377 963 625
584 349 610
149 953 553
751 640 925
792 483 402
855 961 704
164 980 173
70 753 174
218 216 848
21 16 599
800 646 993
279 58 372
726 320 541
251 26 990
562 362 572
718 907 441
868 983 930
780 542 248
67 745 104
864 106 151
200 183 682
610 355 756
923 951 259
119 358 548
357 544 586
506 572 735
924 581 452
195 916 514
973 310 585
483 206 566
734 958 709
327 583 649
514 104 829
629 50 267
432 453 874
396 394 362
140 468 686
705 918 648
712 13 643
996 970 656
385 822 948
94 635 939
614 682 652
448 230 914
73 555 570
411 752 396
407 182 412
524 620 23
148 749 655
726 326 490
53 853 566
270 375 842
377 768 494
150 129 393
663 170 838
987 305 923
197 291 593
390 381 931
644 120 875
214 233 124
49 16 198
655 23 295
87 37 712
412 89 767
225 209 449
15 9 764
751 341 480
4 501 775
416 690 786
311 13 347
32 365 418
969 787 770
269 459 528
508 134 267
328 131 182
60 706 488
173 571 129
601 463 241
919 275 409
46 28 833
117 202 882
261 517 221
87 880 546
498 866 695
508 545 770
290 95 55
185 1 456
641 163 798
441 690 49
273 992 879
698 494 555
541 120 511
442 185 684
650 335 241
985 417 865
585 36 770
443 981 503
682 754 35
101 41 791
103 724 969
617 244 562
166 227 490
338 301 667
31 6 588
389 430 510
193 501 184
33 10 71
167 643 657
482 463 663
440 103 419
833 110 286
788 181 180
773 19 892
340 30 381
293 109 266
899 931 141
902 15 317
26 39 188
40 106 418
322 172 692
969 937 306
809 815 981
51 54 661
469 579 294
411 181 789
551 65 109
210 728 115
152 321 388
939 757 800
110 556 151
564 465 235
705 952 448
315 88 174
356 475 302
137 102 652
951 610 477
336 160 995
503 806 752
617 362 317
70 765 850
750 392 876
128 185 95
773 906 304
54 297 830
9 318 792
349 637 938
219 247 509
41 174 745
226 98 235
543 474 307
646 89 65
513 985 934
174 589 201
682 337 195
796 932 819
750 582 208
312 610 652
176 101 548
175 461 724
199 230 834
286 3 127
321 649 344
808 109 742
999 634 509
343 869 17
68 452 2
305 153 499
785 664 864
855 247 113
32 156 198
241 438 838
168 225 150
815 360 106
908 453 169
471 899 109
125 590 820
828 598 822
988 831 93
605 247 351
763 433 204
237 417 176
671 750 892
413 611 876
200 337 258
105 472 619
168 125 948
599 49 72
463 56 284
59 856 178
572 345 540
561 191 675
13 11 228
133 298 468
553 806 706
285 196 236
317 312 599
29 563 861
331 786 715
326 479 774
198 844 599
23 115 557
449 657 36
228 642 835
94 120 5
957 114 892
560 679 254
604 584 838
982 208 144
86 840 881
537 842 272
7 266 491
165 169 782
397 247 858
984 619 829
343 286 178
568 625 884
411 521 21
741 789 93
731 732 137
393 352 560
619 13 461
973 882 615
903 231 758
165 408 658
418 435 986
447 393 158
473 486 773
889 254 774
34 268 577
559 19 928
777 502 959
912 707 144
342 618 618
763 492 505
861 556 161
426 355 941
102 56 976
410 351 193
407 563 760
965 192 885
195 664 225
38 327 668
69 17 777
368 801 991
316 51 415
956 286 347
115 772 353
204 136 44
215 338 686
798 724 948
215 339 49
89 671 80
809 383 6
147 190 110
435 231 878
98 86 331
662 878 133
953 154 934
248 18 496
105 603 312
418 367 987
428 540 699
587 749 364
564 689 949
502 687 780
625 549 50
609 416 182
367 54 777
277 783 714
4 37 456
821 847 271
496 556 722
420 714 583
558 410 620
192 614 887
75 986 428
659 858 852
625 991 261
948 443 60
93 183 839
800 504 569
991 413 469
956 602 475
218 405 414
709 325 629
114 25 849
233 743 744
640 755 795
768 95 794
721 534 964
29 108 807
116 820 517
6 435 985
248 817 663
110 235 175
311 181 773
91 179 34
153 82 169
415 14 500
717 423 550
950 605 137
425 823 39
862 618 771
833 681 511
26 764 440
23 557 225
738 142 181
911 881 991
402 719 827
149 147 624
594 340 680
389 440 414
700 832 294
945 306 41
453 606 484
17 503 621
122 509 376
48 282 193
97 822 841
105 459 827
773 426 634
86 79 156
760 661 38
238 116 161
800 941 17
879 975 103
418 726 856
461 920 557
598 460 307
497 903 837
976 157 715
270 803 823
345 301 363
576 495 393
67 604 976
600 679 666
22 2 56
550 983 124
970 958 669
922 815 371
578 121 711
421 78 25
67 457 45
915 719 303
131 366 22
95 109 772
160 349 590
909 650 36
971 300 401
313 48 286
104 83 616
503 593 658
25 40 403
965 664 910
201 909 947
180 305 817
190 987 45
165 830 712
394 143 912
770 484 261
236 948 944
12 36 616
985 598 211
661 681 547
245 591 599
474 462 280
606 441 937
466 134 30
105 697 509
275 62 974
130 395 406
434 472 591
239 11 297
185 332 689
729 446 920
730 688 513
562 993 639
219 138 856
368 537 429
210 876 501
275 680 21
580 192 520
530 205 278
863 753 482
494 761 914
121 596 910
971 554 391
194 897 613
13 141 71
883 386 384
302 443 667
608 219 167
642 58 698
38 299 506
13 117 927
902 788 167
689 249 419
568 352 893
655 749 208
82 248 544
878 918 19
791 696 578
249 473 508
15 221 289
317 511 502
225 588 511
6 537 606
184 102 830
186 102 393
103 172 689
40 193 617
926 898 536
326 651 69
600 157 711
967 202 911
283 156 887
111 51 128
855 702 752
941 119 692
401 276 91
400 329 485
30 412 12
633 536 819
251 680 907
8 23 248
314 537 271
32 839 331
165 51 15
383 710 66
437 317 229
261 805 730
524 42 150
892 51 74
403 871 212
87 632 632
701 515 576
878 214 347
252 8 580
18 3 194
118 297 81
756 261 338
358 388 831
827 245 913
273 151 396
477 458 488
77 585 654
959 879 27
594 266 378
589 624 272
615 455 413
319 250 260
162 468 119
41 43 743
972 100 29
454 59 546
676 567 728
737 52 877
391 41 908
933 325 748
925 603 244
909 366 545
687 307 239
694 753 10
954 66 912
365 500 812
414 76 286
382 812 412
465 38 474
167 35 973
378 503 78
264 560 496
799 140 100
335 720 626
522 87 933
276 985 899
475 416 321
62 191 137
513 716 316
40 389 154
158 201 439
787 429 36
922 416 750
98 163 717
382 464 828
922 515 287
802 816 979
532 680 863
43 416 758
661 426 720
647 551 444
807 368 645
931 107 564
659 326 780
494 163 203
136 254 768
977 835 575
967 800 399
3 1 873
829 395 817
22 65 192
271 87 107
497 63 895
724 733 327
255 36 614
260 661 960
499 498 476
904 161 241
73 558 263
912 222 989
199 46 262
205 299 319
758 800 82
543 718 155
690 991 229
613 922 720
355 179 534
643 712 110
426 686 130
542 620 629
554 301 646
774 825 376
752 247 637
922 770 533
389 938 447
506 653 391
495 380 48
614 792 725
240 798 773
804 82 618
10 56 42
249 577 58
126 117 650
838 182 668
649 534 38
9 784 196
661 304 169
170 411 722
117 327 188
674 281 98
583 907 293
508 599 32
732 406 480
105 242 231
528 286 438
618 850 947
901 520 943
79 185 599
812 980 620
188 256 610
179 432 997
10 955 312
567 88 299
146 466 811
499 437 556
754 418 901
164 61 155
512 733 321
16 306 344
72 313 669
497 388 175
361 378 420
564 750 712
81 245 923
739 699 705
113 5 434
199 331 208
233 528 253
181 165 482
83 280 924
83 525 631
728 183 555
568 363 192
248 381 708
734 600 836
33 611 445
23 220 81
141 673 736
56 856 498
25 3 356
391 871 166
504 936 729
642 165 811
550 89 160
376 786 798
534 195 284
675 918 942
44 12 141
458 159 776
288 65 172
216 662 265
924 763 603
118 76 140
303 705 838
148 881 456
299 765 546
417 871 362
329 953 640
616 830 896
694 560 288
883 954 532
14 131 151
837 145 995
403 708 305
228 90 219
388 437 512
279 316 497
103 155 574
321 12 922
371 479 528
78 212 620
189 108 109
539 502 270
951 645 746
936 871 575
218 489 776
92 79 572
325 280 932
146 59 744
902 31 291
163 615 295
759 222 969
882 568 914
648 183 65
529 428 456
64 123 542
779 794 532
66 140 246
457 335 934
519 980 536
444 218 329
269 231 666
331 507 660
95 513 459
582 502 569
194 617 327
526 63 729
159 222 352
33 260 746
224 479 962
471 813 841
447 127 859
168 809 858
213 283 283
71 958 857
447 451 830
187 722 617
23 673 602
127 335 423
621 45 153
986 789 320
589 206 637
693 499 735
827 802 145
11 439 729
939 118 68
601 698 649
179 616 354
163 680 890
906 619 857
842 407 844
711 381 809
412 533 54
932 335 213
806 142 85
295 22 103
56 253 927
155 300 4
175 101 930
858 364 49
924 357 758
474 884 766
319 242 717
812 532 933
824 247 264
35 19 312
109 473 898
321 665 629
723 112 444
257 52 666
53 208 334
45 449 278
740 564 519
296 210 429
19 303 3
976 217 238
4 5 382
172 582 939
830 732 985
210 579 831
981 112 389
179 540 299
175 295 828
67 593 992
106 463 208
488 546 22
770 599 976
782 923 972
730 5 988
5 53 165
813 68 369
85 882 59
14 4 946
713 232 310
30 143 178
506 547 293
81 876 961
380 758 169
565 106 922
731 872 888
163 242 176
69 431 73
285 207 400
810 267 16
612 629 676
140 445 201
517 302 606
351 453 894
17 142 118
17 600 485
330 87 768
420 707 771
363 3 583
760 838 625
245 474 967
124 837 512
756 957 334
8 81 536
480 359 659
156 686 271
627 333 284
822 535 391
58 192 322
87 782 872
825 276 986
585 762 530
655 28 127
885 219 220
3 81 127
84 91 588
751 304 419
683 136 142
467 520 53
508 924 961
581 651 816
172 937 211
313 897 947
44 735 921
590 631 603
618 968 271
374 11 549
61 336 453
84 653 175
315 145 631
644 565 233
910 224 587
915 284 781
719 65 449
365 684 583
430 708 16
671 298 541
259 603 764
201 411 583
492 301 501
346 101 125
592 531 344
248 467 651
407 488 675
52 897 691
513 741 965
67 8 978
334 72 703
33 112 280
510 960 371
986 350 2
427 910 846
341 125 495
93 575 153
652 893 486
557 284 177
810 37 916
267 751 939
37 216 520
849 768 455
120 735 626
938 733 300
867 796 686
140 507 467
637 989 78
271 21 898
234 641 222
732 816 47
269 629 535
662 626 449
744 704 64
335 14 783
1 4 425
608 698 585
4 7 185
930 931 276
15 286 638
724 120 314
650 747 417
486 372 141
265 786 678
974 240 528
889 1000 355
959 784 646
904 959 170
347 273 818
959 55 963
913 2 129
504 612 237
996 678 886
385 370 530
747 49 652
345 283 729
113 58 622
942 675 118
652 47 308
505 537 587
158 471 160
741 975 301
526 307 202
260 792 49
348 436 348
188 372 474
423 434 956
159 354 455
990 409 741
196 963 248
665 950 994
232 474 299
244 292 406
815 574 475
385 955 584
155 330 242
44 381 264
504 360 60
176 751 413
640 505 981
652 774 636
152 638 564
141 229 34
205 47 90
380 39 884
329 83 442
873 224 225
887 115 392
12 40 407
990 620 659
623 921 346
718 327 524
20 286 861
887 359 453
748 283 342
289 350 469
782 209 334
103 422 577
94 156 496
684 95 635
320 267 22
386 264 398
425 246 359
672 824 437
781 221 514
347 114 143
697 488 657
400 643 53
953 234 312
591 327 438
288 438 881
317 9 29
192 233 993
495 840 248
57 855 673
418 880 3
857 575 753
379 777 664
304 444 793
209 812 383
602 117 958
232 190 467
126 597 832
939 671 809
390 782 904
310 696 954
163 331 971
978 203 245
588 953 660
133 262 605
598 630 188
512 536 88
75 61 714
68 97 281
618 962 1
16 550 569
31 66 804
589 350 810
954 190 985
526 198 97
100 296 499
814 493 270
989 307 522
534 565 657
455 323 736
25 26 873
200 618 557
24 58 680
995 727 126
881 335 897
117 652 628
84 512 745
98 736 665
244 356 531
626 539 960
551 532 561
14 161 487
909 671 572
57 30 301
34 438 539
324 365 916
251 817 247
409 305 746
298 16 494
102 798 141
945 878 612
73 53 119
19 30 348
464 13 724
679 572 617
314 478 516
871 975 266
879 523 928
147 114 724
149 190 165
84 55 670
300 262 963
133 280 240
60 211 84
964 162 60
549 455 438
246 8 930
55 505 744
717 89 16
928 86 253
280 1 165
231 263 240
687 791 881
593 642 459
198 53 250
26 309 946
81 873 643
740 708 403
411 767 747
192 226 965
372 254 955
238 891 673
577 614 435
645 88 505
688 678 446
677 958 904
22 565 505
208 614 22
952 463 938
495 676 630
588 12 229
103 516 280
819 651 888
80 418 410
154 112 120
541 759 482
668 617 670
150 304 604
116 304 755
342 200 137
289 392 367
284 729 285
704 288 180
544 530 258
356 833 356
457 919 559
28 883 81
15 29 153
724 445 707
811 852 894
401 15 40
17 12 222
9 32 854
56 189 91
570 548 863
298 466 339
56 108 617
992 828 649
622 389 473
191 128 184
143 473 190
4 294 1
780 660 993
821 727 870
17 100 262
23 537 543
680 88 188
21 289 860
261 230 399
353 137 49
42 574 930
508 615 659
377 888 912
825 894 681
14 29 193
241 916 64
116 71 905
678 130 949
742 362 566
719 435 518
434 626 624
212 243 511
108 855 606
831 785 75
767 478 999
470 274 291
911 52 481
598 901 643
15 657 76
1000 754 859
868 613 200
339 497 383
104 548 929
379 756 63
790 469 80
891 359 259
144 277 360
900 185 366
157 422 303
844 678 557
875 224 1000
10 7 158
825 850 923
44 532 212
711 855 383
184 361 732
270 146 451
974 195 225
549 836 299
265 94 822
134 400 265
15 42 663
596 308 1
534 935 243
97 824 46
676 506 407
141 379 469
252 836 464
162 267 686
821 770 328
561 338 494
509 309 862
543 137 171
252 159 743
45 124 914
128 14 286
638 779 379
718 625 345
441 800 339
479 472 106
23 136 601
444 16 830
62 101 144
166 43 501
353 968 383
702 309 790
227 572 94
155 101 62
386 977 741
533 242 735
670 238 856
292 168 594
413 784 851
887 63 15
6 4 969
94 218 715
22 377 860
58 852 309
716 770 981
918 15 545
515 163 56
394 176 999
439 292 264
524 233 347
247 216 85
537 657 396
293 42 677
73 263 956
448 934 870
119 796 824
680 129 328
657 552 965
399 106 823
302 640 135
330 949 440
148 723 415
61 646 983
689 704 966
685 681 800
587 499 955
160 75 829
23 474 761
287 477 461
988 529 20
929 503 119
886 575 741
701 114 599
527 333 540
132 792 224
177 96 891
314 35 1000
111 765 817
73 138 24
241 734 702
450 330 805
61 242 288
863 786 587
91 946 214
436 556 109
599 81 392
912 146 887
30 682 16
735 837 444
565 42 615
781 526 623
217 867 626
139 45 296
109 966 660
46 74 246
447 206 746
914 60 495
631 261 205
935 690 10
687 690 546
373 810 273
190 427 784
365 21 799
478 995 936
107 12 192
592 597 218
200 659 786
201 391 698
164 772 685
794 380 130
758 898 529
905 126 435
936 533 21
54 284 35
112 162 398
417 54 864
638 843 837
394 48 260
80 337 183
861 263 215
289 348 406
545 287 829
78 42 399
963 53 53
45 41 566
176 357 602
455 991 525
233 353 792
864 525 952
575 344 478
310 194 396
224 164 556
487 525 542
89 56 476
378 731 992
6 623 432
1 485 829
908 114 692
256 915 86
63 704 152
282 532 189
386 627 243
469 439 945
994 101 904
283 433 944
533 647 894
603 392 884
953 896 587
968 737 715
163 281 634
448 539 71
294 12 743
69 956 428
853 663 420
716 250 211
145 94 563
344 286 738
471 427 207
248 309 560
134 73 259
425 692 802
881 277 674
208 975 537
967 891 265
17 846 348
493 60 692
257 974 903
247 813 234
248 859 823
344 430 126
63 234 758
830 940 666
632 506 361
666 801 947
928 372 208
297 589 982
182 104 518
132 908 948
728 462 745
472 397 878
790 278 113
873 772 269
817 982 969
489 801 668
968 452 751
603 27 637
813 683 475
292 462 38
82 429 81
513 408 965
205 288 63
75 365 598
170 157 630
92 96 285
940 252 153
271 242 522
3 48 490
659 88 611
503 520 406
870 350 367
746 833 914
11 94 472
92 672 771
793 388 60
392 768 732
737 399 758
611 133 29
460 221 670
157 53 825
898 395 98
961 908 427
373 325 203
599 633 865
403 10 682
29 259 883
628 857 667
279 487 505
506 122 157
525 419 315
378 25 195
33 196 124
326 716 987
296 770 686
974 812 26
978 424 875
203 543 763
248 97 597
270 390 460
690 114 114
934 349 173
446 303 406
217 149 967
978 693 745
195 210 323
133 270 963
326 252 507
714 875 777
709 903 939
298 423 843
875 527 58
927 685 660
352 606 711
769 651 410
476 415 853
307 18 440
394 766 186
310 728 669
168 135 744
304 830 659
873 615 484
680 994 69
609 818 809
213 999 674
780 187 258
158 704 470
653 895 759
192 527 139
891 306 491
100 437 419
82 369 229
961 704 102
800 511 618
639 271 750
206 247 364
892 595 956
670 886 409
519 95 258
595 121 215
957 596 483
83 675 855
884 778 75
272 23 775
785 517 26
74 236 532
220 765 552
266 154 48
851 451 720
489 711 99
278 56 46
338 107 165
962 274 744
580 406 220
29 51 692
877 100 667
553 511 65
719 930 39
279 378 466
446 652 431
127 641 60
883 766 583
330 481 871
7 651 894
124 413 1000
173 462 9
761 612 71
331 696 900
139 914 81
10 12 386
352 408 684
792 167 783
339 286 79
847 233 930
809 298 516
192 189 656
295 642 948
565 753 492
656 359 493
513 815 531
50 41 714
16 12 1
470 507 233
231 136 197
102 877 794
373 33 484
262 340 245
739 665 916
228 848 701
364 453 469
430 755 265
462 467 390
174 824 900
194 207 453
122 120 751
52 10 209
737 214 576
699 596 999
639 502 81
325 538 225
459 127 793
410 573 473
687 433 495
287 658 434
734 688 849
172 227 775
434 769 166
458 989 85
685 835 676
48 839 253
139 223 319
834 757 686
89 498 172
203 123 978
254 84 211
628 462 145
419 388 104
636 277 143
306 371 710
815 636 270
11 24 385
638 315 689
203 717 555
392 872 429
351 83 916
194 730 715
845 743 895
744 318 903
30 41 442
393 863 795
880 177 162
996 880 487
929 763 961
126 145 916
877 563 437
356 257 426
72 493 476
416 96 866
434 418 420
881 267 32
61 17 60
982 1000 231
215 137 949
293 502 888
267 399 684
447 698 570
110 58 37
321 297 671
823 492 133
178 173 120
317 359 937
787 459 783
60 420 88
292 333 95
531 279 405
793 453 879
610 862 527
783 795 918
164 967 257
111 625 996
883 71 575
5 329 71
392 262 627
598 591 958
208 794 149
872 154 199
158 645 670
303 874 422
26 327 59
144 115 584
93 208 539
72 90 220
645 971 962
48 425 420
133 159 968
860 349 496
80 250 398
27 2 490
658 561 601
568 701 76
535 480 987
887 222 1000
915 492 755
869 896 516
135 994 261
268 258 330
458 697 321
569 667 365
538 89 711
727 171 896
191 592 717
332 175 574
47 156 973
622 513 797
105 148 691
72 61 4
800 605 148
842 784 967
62 940 168
657 947 571
4 19 779
957 564 779
8 82 186
32 523 723
99 29 853
472 818 856
973 883 456
829 18 660
647 778 903
756 103 767
368 14 408
737 377 122
765 88 7
757 282 795
898 260 845
384 456 66
71 826 463
859 66 332
237 274 468
677 259 229
315 791 760
851 18 798
810 522 399
304 988 154
457 865 582
543 61 169
357 977 612
678 57 714
518 35 135
147 818 202
556 728 645
702 395 404
115 293 112
544 567 236
143 634 225
790 759 194
573 150 652
583 473 40
341 370 35
221 92 453
114 500 882
592 669 586
572 146 448
240 230 221
58 249 501
538 25 700
29 323 314
314 168 63
112 123 525
975 22 237
115 151 374
948 211 60
107 384 33
119 171 854
538 649 690
279 402 581
737 419 290
705 58 304
367 719 994
515 653 331
778 870 915
549 158 623
373 299 692
297 929 327
85 682 693
66 569 361
722 474 247
270 552 317
428 220 269
615 477 255
360 763 212
652 400 507
631 796 476
991 387 349
2 1 278
968 445 233
666 116 246
682 979 63
419 514 258
501 629 312
276 958 367
228 353 841
177 483 427
240 581 278
541 680 898
424 95 922
95 39 514
744 35 100
561 929 327
130 401 331
278 324 105
27 467 65
655 382 417
55 630 207
244 243 900
317 401 419
389 187 715
874 715 704
185 811 30
806 827 424
643 649 218
213 233 591
635 282 580
411 307 389
656 243 855
574 340 972
211 127 828
655 924 911
660 33 104
195 544 487
984 714 650
729 401 277
987 259 56
214 627 336
885 552 444
780 998 123
371 441 723
261 776 784
55 4 691
603 407 584
248 949 931
73 173 486
951 196 798
980 215 27
171 395 460
383 586 531
409 818 954
595 395 973
566 159 93
721 831 747
376 97 339
297 381 661
687 257 948
780 94 290
712 251 799
39 93 612
531 487 911
974 767 912
133 8 404
424 422 37
651 939 994
103 162 391
727 537 348
665 4 434
169 899 281
23 988 62
777 626 440
258 206 252
554 376 840
469 228 191
188 6 62
711 622 571
585 264 237
649 665 495
670 127 349
103 169 441
994 742 660
89 259 889
321 345 497
325 677 430
692 523 794
532 81 79
155 943 853
436 802 67
518 746 333
881 762 844
180 17 586
247 301 909
298 108 82
41 888 463
526 628 172
310 125 149
540 813 855
975 450 844
212 137 941
876 565 57
909 605 6
674 700 822
946 917 425
870 34 801
613 912 26
839 752 318
913 912 629
921 149 429
129 31 282
740 980 35
720 586 655
88 359 433
990 533 268
67 352 329
206 316 438
354 83 406
510 377 540
997 888 172
141 161 719
542 837 433
180 825 484
705 139 315
272 498 87
168 256 104
288 308 485
26 963 520
232 178 440
39 232 247
132 4 612
330 37 245
158 52 223
310 454 369
187 153 571
350 382 989
8 3 540
306 200 635
683 988 70
565 662 601
60 35 961
98 707 499
59 76 248
475 493 952
59 995 214
654 124 74
580 172 875
801 806 54
176 213 762
278 776 584
691 503 439
56 105 202
557 775 514
95 140 554
713 609 267
357 984 791
68 6 991
745 903 832
99 197 115
552 280 861
245 38 919
404 892 505
518 217 791
393 499 654
536 83 290
64 4 683
221 117 978
35 697 821
130 80 517
399 239 598
24 71 556
192 291 420
595 735 302
112 943 63
65 103 645
287 279 190
567 919 526
603 410 655
6 20 112
378 27 245
134 312 839
418 350 587
736 304 463
86 737 757
594 309 495
20 85 575
178 258 386
893 147 410
829 306 138
450 773 263
449 700 678
646 482 957
312 490 407
364 387 372
740 461 166
599 476 325
559 376 779
892 505 136
380 455 869
807 693 784
24 34 436
251 466 422
836 263 180
397 437 699
368 661 624
537 55 829
755 289 570
532 542 424
528 986 491
220 168 129
481 129 21
723 127 130
419 385 325
479 797 533
928 874 38
548 893 898
27 142 392
666 448 560
9 6 328
192 447 617
920 575 366
299 694 307
551 858 217
560 534 458
763 530 12
857 28 548
286 910 502
380 541 607
688 122 936
701 356 986
206 77 540
680 427 98
179 546 544
26 678 263
393 198 689
510 710 876
587 207 201
652 933 775
473 111 893
624 352 830
894 501 222
484 407 159
301 333 145
34 796 355
35 432 715
92 992 704
92 87 572
1000 55 224
35 38 368
879 696 957
382 61 58
539 144 582
609 375 884
185 939 948
147 236 470
186 527 782
41 214 241
203 821 718
76 905 2
83 32 842
875 313 414
135 57 393
703 377 808
34 88 94
76 774 611
976 536 178
905 392 240
858 383 961
470 417 462
311 906 489
120 926 466
595 755 237
344 192 415
279 478 124
398 195 575
48 789 547
203 360 744
510 204 782
469 90 741
264 135 250
691 577 109
989 430 363
11 742 842
235 185 19
848 11 418
465 322 580
842 840 353
877 512 564
409 22 681
699 605 588
9 77 795
67 147 105
318 53 463
155 970 82
771 147 289
336 545 195
404 395 663
79 6 33
870 310 721
62 58 63
359 383 563
733 738 952
395 59 861
863 462 473
899 980 730
195 149 41
928 24 305
290 841 188
590 574 570
725 459 304
572 289 459
38 479 670
992 975 138
987 184 892
95 450 263
41 413 669
496 129 922
649 268 20
876 888 60
305 757 402
764 204 453
558 959 550
768 214 686
678 975 616
916 94 948
159 209 901
194 111 464
335 919 738
878 86 804
255 48 578
886 980 980
464 969 169
610 244 868
685 231 631
697 117 125
785 892 633
591 648 885
972 827 616
142 302 225
635 791 563
270 889 322
921 624 368
535 388 45
28 15 18
44 715 202
63 125 835
160 772 386
112 778 584
59 54 467
734 691 212
399 687 494
222 723 980
460 788 552
877 555 429
641 408 819
96 102 314
575 273 407
213 509 95
54 73 398
661 806 434
453 570 873
844 288 403
837 225 81
387 691 685
332 184 305
202 858 66
917 617 871
879 414 122
700 201 473
346 80 343
110 667 777
944 353 343
614 154 384
889 128 771
623 391 426
850 204 699
61 695 527
248 916 516
379 879 104
574 904 79
236 999 471
742 427 207
881 570 342
647 511 648
314 235 218