1000 2000 10
0
0
0
0
0
0
0
0
0
0
0
0
0
0
0
0
0
0
0
0
0
0
0
0
0
0
0
0
0
0
0
0
0
0
0
0
0
0
0
0
0
0
0
0
0
0
0
0
0
0
0
0
0
0
0
0
0
0
1 6
0
0
0
0
0
0
0
0
0
0
0
0
0
0
0
0
0
0
0
0
0
0
0
0
0
0
0
0
0
0
0
0
0
0
0
0
0
0
0
0
0
0
0
0
0
0
0
0
0
0
0
0
0
0
0
0
0
0
0
0
0
0
0
0
0
0
0
0
0
0
0
0
0
0
0
0
0
0
0
0
0
0
0
0
0
0
0
0
0
1 4
0
0
0
1 1
0
0
0
0
0
0
0
0
0
0
0
0
0
0
0
0
0
0
0
0
0
0
0
0
0
0
0
0
0
0
0
0
0
1 8
0
0
0
0
0
0
0
0
0
0
0
0
0
0
0
0
0
0
0
0
0
0
0
0
0
0
0
0
0
0
0
0
0
0
0
0
0
0
0
0
0
0
0
0
0
0
0
0
0
0
0
0
0
0
0
0
1 2
0
0
0
0
0
0
0
0
0
0
0
0
0
0
0
0
0
0
0
0
0
0
0
0
0
0
0
0
0
0
0
1 3
0
0
0
0
0
0
0
0
0
0
0
0
0
0
0
0
0
0
1 6
0
0
0
0
0
0
0
0
0
0
0
0
0
0
0
0
0
0
0
0
0
0
0
0
0
0
0
0
0
0
0
0
0
0
0
0
0
0
0
0
0
0
0
0
0
0
0
0
0
0
0
0
0
0
0
0
0
0
0
0
0
0
0
0
0
0
0
0
0
0
0
0
0
0
0
0
0
0
0
0
0
0
0
0
0
0
0
0
0
0
0
0
0
0
0
0
0
0
0
0
0
0
0
0
0
0
0
0
0
0
0
0
0
0
0
1 5
0
0
0
0
0
0
0
0
0
0
0
0
0
0
0
0
0
0
0
0
0
0
0
0
0
0
0
0
0
0
0
0
0
0
0
0
0
0
0
0
0
0
0
0
0
0
0
0
0
0
0
0
0
0
0
0
0
0
0
0
0
0
0
0
0
0
0
0
0
0
0
0
0
0
0
0
0
0
0
0
0
0
0
0
0
0
0
0
0
0
0
0
0
0
0
0
0
0
0
0
0
0
0
0
0
0
0
0
0
0
0
0
0
0
0
0
0
0
0
1 10
0
0
0
0
0
0
0
1 9
0
0
0
0
0
0
0
0
0
0
0
0
0
0
0
0
0
0
0
0
0
0
0
0
0
0
0
0
1 7
0
0
0
0
0
0
0
0
0
0
0
0
0
0
0
0
0
0
0
0
0
0
0
0
0
0
0
0
0
0
0
0
0
0
0
0
0
0
0
0
0
0
0
0
0
0
0
0
0
0
0
0
0
0
0
0
0
0
0
0
0
0
0
0
0
0
0
0
0
0
0
0
0
0
0
0
0
0
0
0
0
0
0
0
0
0
0
0
0
0
0
0
0
0
0
0
0
0
0
0
0
0
0
0
0
0
0
0
0
0
0
0
0
0
0
0
0
0
0
0
0
0
0
0
0
0
0
0
0
0
0
0
0
0
1 4
0
0
0
0
0
0
0
0
1 10
0
0
0
0
0
0
0
0
0
0
0
0
0
0
0
0
0
0
0
0
0
1 8
0
0
0
0
0
0
0
0
0
0
0
0
0
0
0
0
0
0
0
0
0
0
0
0
0
0
0
0
0
0
0
0
0
0
0
0
0
0
0
0
0
0
0
0
0
0
0
0
0
1 9
0
0
0
0
0
0
0
0
0
0
0
0
0
0
0
0
0
0
0
0
0
0
0
0
0
0
0
1 7
0
0
0
0
0
0
0
0
0
0
0
0
0
0
0
0
0
0
0
0
0
0
0
0
0
0
0
0
0
0
0
0
0
0
0
0
0
0
0
0
0
0
0
0
0
0
0
0
0
0
0
0
0
0
0
0
1 1
0
0
0
0
0
0
0
0
0
0
0
0
0
0
0
0
0
0
0
0
0
0
0
0
0
1 3
0
0
0
0
0
0
0
0
0
1 2
0
0
0
0
0
0
0
0
0
0
0
0
0
0
0
0
0
0
0
0
0
0
0
0
0
0
0
0
0
0
0
0
0
0
0
0
0
0
0
0
0
0
0
0
0
0
0
0
0
1 5
0
0
0
0
0
0
0
0
0
0
0
0
0
0
0
0
0
0
0
0
0
0
0
0
0
0
0
0
0
0
0
0
0
0
0
0
0
0
0
0
0
0
0
0
0
852 46 491
580 150 455
52 521 893
321 849 744
24 942 933
784 745 364
189 231 587
890 583 822
597 62 329
816 899 936
866 688 388
23 61 718
283 632 939
673 115 835
961 560 985
93 191 380
225 440 939
351 497 494
77 151 583
181 602 320
120 319 402
992 196 896
167 121 573
134 662 52
914 500 251
530 63 574
143 932 977
811 315 8
965 150 991
173 52 310
514 702 528
346 290 390
748 780 194
439 373 423
689 517 434
40 24 173
29 883 13
789 670 156
491 194 706
249 8 290
15 30 213
911 176 657
175 634 784
76 17 749
348 270 679
450 496 512
547 41 267
708 758 639
738 348 705
493 951 631
153 90 254
289 1000 485
46 124 728
520 773 818
65 737 473
507 383 409
133 42 229
313 249 31
79 433 970
79 850 83
796 760 263
188 65 300
953 571 201
105 633 141
963 932 187
651 770 783
917 343 166
213 774 428
484 765 20
794 976 575
719 298 184
26 23 975
817 149 990
124 375 879
2 275 527
349 306 63
155 668 876
272 71 900
530 618 411
625 467 711
13 266 604
467 193 832
435 40 60
722 584 539
437 754 295
118 748 589
578 586 859
693 377 181
147 35 317
55 183 732
116 89 356
553 76 208
746 356 230
318 351 190
352 437 995
56 33 342
872 841 764
322 767 218
9 273 447
283 483 311
254 814 432
237 635 137
628 745 165
77 515 400
172 283 714
541 48 773
150 482 578
434 277 379
18 648 215
934 51 355
712 795 829
511 182 681
305 797 125
52 583 513
606 636 141
301 49 366
121 572 168
974 427 33
9 38 824
237 149 801
404 283 745
356 148 135
144 257 552
280 19 537
680 284 157
717 187 344
56 702 138
658 518 806
647 435 320
499 159 573
868 622 230
622 950 211
516 864 550
294 77 847
557 722 934
180 472 630
970 845 57
261 872 151
56 798 821
406 370 392
176 971 952
536 561 28
72 2 482
972 532 272
674 122 311
634 132 876
229 944 914
49 85 598
32 9 576
285 272 312
535 530 640
941 923 705
157 703 135
11 34 424
188 234 634
598 830 973
420 626 428
811 796 125
210 261 271
988 143 273
178 606 881
882 55 591
566 176 497
871 330 75
140 598 930
876 530 667
498 764 597
66 17 498
634 694 487
681 4 713
205 320 189
559 545 801
213 388 863
26 4 69
5 25 752
128 209 285
5 7 452
331 328 384
202 315 642
70 264 912
518 938 358
975 816 865
127 255 173
37 248 462
883 377 996
25 260 738
402 300 520
239 608 314
357 324 365
820 447 298
985 143 661
904 864 70
292 666 83
211 368 168
1 2 95
777 299 168
253 634 378
233 129 807
992 521 953
265 797 212
981 432 397
630 104 740
766 381 984
444 966 594
508 664 989
219 44 618
359 914 703
168 515 43
892 560 550
554 400 774
207 774 308
235 39 402
460 662 778
164 175 281
905 140 909
28 285 251
400 334 955
837 836 921
56 63 74
204 409 761
68 585 603
591 110 388
854 239 503
15 29 884
322 83 839
664 296 409
23 776 807
558 795 964
370 541 676
859 478 307
33 123 537
470 24 125
514 368 464
866 657 320
871 789 265
397 199 210
309 585 166
464 593 136
431 716 579
475 32 615
783 731 723
97 14 630
100 108 783
924 59 719
929 342 952
41 647 388
306 945 516
633 771 841
707 471 353
39 133 122
983 694 878
712 329 633
445 466 311
831 938 18
417 564 861
89 944 31
352 272 828
75 478 689
265 473 48
221 615 118
514 530 686
579 167 652
218 24 248
387 576 480
424 79 806
139 155 807
731 153 536
244 722 611
400 610 666
390 397 902
898 48 521
447 578 126
990 971 489
610 916 39
135 621 722
190 877 917
589 57 574
262 158 449
543 878 956
422 70 21
311 833 211
224 355 466
669 869 928
149 833 320
390 233 287
91 282 914
116 776 576
368 103 885
880 158 712
337 915 749
903 794 440
884 461 365
707 560 700
470 288 102
206 260 163
256 594 886
489 148 863
332 92 351
624 631 355
162 166 645
477 647 281
231 807 920
617 70 849
77 8 339
84 460 195
820 696 941
412 543 953
155 321 736
812 168 792
5 824 134
351 532 793
471 664 119
942 735 180
353 412 943
575 867 955
267 127 455
684 258 417
442 804 542
427 625 976
292 371 480
799 734 707
728 937 90
713 788 587
276 114 478
536 1 818
916 376 89
545 982 837
250 563 171
507 593 340
870 919 850
295 676 825
114 603 148
539 891 752
279 288 223
849 263 710
487 955 769
586 361 455
343 132 341
775 760 367
60 53 66
619 225 514
659 515 920
90 141 888
582 209 212
707 899 909
167 365 335
257 984 547
575 843 411
935 697 133
206 876 415
476 35 548
791 206 897
929 983 577
614 787 241
757 446 561
775 169 978
860 720 497
771 905 338
244 393 595
431 427 964
423 32 195
8 39 226
1 82 547
607 517 255
26 48 323
174 42 440
996 743 988
855 322 132
298 190 3
960 92 651
656 687 148
556 857 364
299 260 316
24 88 690
740 114 432
108 191 24
812 959 982
496 953 45
615 973 489
429 101 831
12 117 687
509 352 517
597 644 683
851 756 768
53 818 78
848 541 702
352 415 611
693 577 911
169 56 910
639 131 579
975 568 264
925 377 932
845 47 464
474 115 599
943 506 42
796 566 416
407 948 102
112 77 967
813 979 142
128 582 305
790 203 534
681 395 806
567 380 355
299 74 490
575 174 420
614 275 628
332 148 28
120 130 527
500 39 246
808 824 864
36 363 938
270 979 784
849 718 961
329 445 416
397 202 165
886 841 684
967 398 607
299 710 71
283 606 16
157 315 208
505 398 504
453 495 957
263 308 849
458 896 872
292 586 82
254 486 747
384 504 228
192 655 814
944 776 717
36 499 802
681 834 926
240 215 396
399 526 797
169 197 576
253 191 389
628 786 411
865 966 620
865 542 780
28 379 692
497 330 314
615 567 427
63 775 8
14 78 624
90 985 510
426 910 961
411 285 594
537 960 468
226 373 109
454 4 283
6 70 582
732 394 624
404 52 937
650 148 965
552 342 731
823 48 790
492 324 235
455 775 384
46 283 56
200 335 434
289 54 908
80 683 185
381 958 842
379 708 503
478 942 6
233 186 729
571 370 449
688 767 38
216 80 848
613 41 75
434 806 45
501 223 779
333 472 466
677 159 69
372 803 452
566 304 573
902 422 427
106 1 573
677 848 221
670 12 503
750 663 643
137 797 412
698 858 763
236 5 825
453 299 308
193 247 483
383 160 542
19 803 218
551 145 177
314 32 721
905 946 500
684 548 494
375 708 178
896 930 86
210 821 973
162 39 333
270 921 397
920 269 657
626 709 996
84 77 325
679 326 445
841 299 730
271 197 251
107 426 933
345 556 572
882 579 386
4 6 23
401 83 470
643 325 854
717 607 971
238 198 789
612 161 400
559 240 286
358 686 267
359 102 296
592 736 395
139 641 661
93 45 288
344 452 769
579 609 711
431 941 676
306 732 426
97 508 177
388 379 235
587 280 574
481 445 849
379 685 741
696 482 86
439 148 447
317 321 860
920 273 488
155 294 452
394 303 459
99 361 850
557 907 427
350 850 715
563 806 836
975 210 812
9 7 426
570 217 28
687 752 618
809 320 367
398 832 575
674 723 685
75 136 469
666 248 227
690 247 867
501 551 822
111 954 614
7 788 122
325 648 396
504 962 723
933 349 286
348 313 99
919 933 8
4 278 770
225 477 788
140 163 660
398 912 768
641 56 932
661 585 347
319 303 957
327 408 614
235 694 676
584 953 789
749 417 894
206 651 316
416 217 20
646 738 136
1 828 754
79 165 563
959 883 334
727 934 841
95 115 72
52 638 599
630 214 864
901 44 653
65 26 78
139 94 896
249 365 871
218 376 419
140 181 799
574 62 430
271 238 778
815 41 47
11 179 160
530 883 289
216 775 858
781 541 672
68 304 742
375 691 656
857 533 876
158 554 591
354 605 600
5 405 386
984 747 693
941 929 898
510 457 360
993 486 862
551 466 380
267 400 6
263 344 915
836 316 47
959 454 723
219 894 242
477 831 700
691 548 273
241 693 940
948 246 292
336 992 288
416 464 689
86 146 421
601 40 40
586 900 999
747 982 707
784 658 961
127 766 76
537 282 19
814 760 367
215 136 481
55 257 214
645 367 410
625 93 574
705 219 237
630 782 735
987 873 657
242 16 131
149 725 65
161 364 827
169 467 705
258 362 652
611 100 405
48 138 178
202 212 445
47 695 502
600 733 150
692 887 126
937 529 825
721 241 544
283 381 485
407 375 601
206 175 478
513 840 491
880 17 182
132 72 230
781 977 63
831 569 830
210 498 277
16 11 320
982 228 152
600 885 325
663 634 592
524 934 791
690 16 80
970 42 549
606 736 717
91 180 327
773 597 96
3 15 110
461 106 484
67 307 30
171 193 779
121 761 454
733 697 165
983 119 245
761 11 847
712 939 309
8 128 116
304 456 907
369 660 120
618 138 841
238 428 125
884 238 265
83 119 472
703 365 905
670 945 715
548 215 124
440 172 292
284 996 312
649 558 924
38 406 250
849 940 430
697 186 454
744 263 631
506 436 748
540 969 421
603 67 294
840 435 161
422 723 608
450 969 206
652 300 715
763 821 419
442 378 658
80 200 143
74 512 277
519 39 759
241 553 970
826 87 885
150 904 502
242 983 225
163 446 732
906 149 364
641 922 126
923 359 349
116 306 174
246 130 915
392 464 661
622 335 986
338 104 474
496 997 212
844 460 118
503 889 502
944 500 665
569 533 537
28 211 317
5 149 367
996 526 97
810 430 260
317 182 336
794 219 606
21 214 948
329 134 559
903 594 744
286 221 686
666 113 923
320 736 999
424 487 559
134 782 417
718 74 908
705 699 274
271 756 836
889 645 304
693 376 185
10 202 661
292 719 932
969 281 481
40 54 282
350 729 336
103 114 446
346 529 980
162 573 459
405 902 803
777 531 120
831 745 585
449 631 585
204 883 375
726 352 759
572 707 626
280 28 156
267 268 85
884 536 341
698 807 861
557 538 94
198 154 197
80 831 762
864 368 403
688 421 44
640 630 456
824 828 389
882 403 753
987 975 544
449 537 106
124 215 83
998 319 989
462 348 455
104 433 182
921 626 962
119 44 229
924 228 856
562 301 319
940 10 420
19 126 153
120 226 949
677 864 967
753 923 368
151 380 304
55 296 660
636 450 902
76 517 315
553 984 170
835 222 764
311 421 97
903 701 788
913 671 742
649 482 85
541 51 939
221 835 647
199 878 229
597 575 969
28 354 602
145 675 679
672 248 623
152 337 201
67 792 364
417 102 960
202 817 683
156 248 249
85 148 163
132 40 479
618 824 194
175 194 644
201 758 136
686 409 877
301 200 923
176 351 957
219 386 330
414 823 965
725 622 634
11 10 879
209 635 532
424 578 354
902 259 534
827 146 605
58 35 100
633 688 376
924 574 570
177 162 299
736 776 803
426 946 130
236 190 298
672 539 564
691 4 531
24 18 230
920 53 210
448 199 695
208 158 301
343 299 719
183 184 413
682 699 816
895 549 965
196 365 160
629 643 809
522 369 793
459 538 840
728 252 90
398 600 182
410 380 946
742 55 302
464 601 379
57 305 308
858 28 588
57 933 56
515 274 790
642 738 153
110 744 957
391 665 971
507 424 795
403 156 629
102 748 901
830 756 821
38 174 678
898 672 641
372 261 76
388 251 98
585 507 105
325 30 598
959 784 938
407 201 942
98 83 374
396 91 602
144 36 310
263 69 776
222 163 542
689 281 530
99 16 520
533 120 520
6 96 177
760 269 256
2 4 282
504 411 786
352 494 434
214 186 387
723 743 222
303 477 279
115 676 805
500 605 673
260 478 402
87 140 667
298 516 550
559 898 322
79 344 53
646 379 982
329 457 75
384 595 628
207 130 135
758 762 369
740 735 144
177 747 101
830 56 6
290 42 940
216 114 964
203 44 222
501 889 666
865 826 313
468 616 24
432 348 322
987 834 353
592 310 915
176 513 232
928 523 463
793 989 492
853 396 708
974 966 545
238 83 75
178 482 811
415 567 879
866 927 40
370 258 907
991 370 584
892 580 695
769 919 975
82 102 410
274 312 537
302 38 412
160 32 939
143 715 414
257 835 296
304 911 585
181 332 696
31 988 627
790 493 955
966 188 513
199 61 385
288 505 526
798 935 287
957 294 710
285 826 883
720 253 119
976 833 43
422 711 163
907 841 112
20 171 2
973 604 853
152 591 669
39 49 709
659 40 743
622 865 450
62 486 191
258 976 63
112 819 664
90 241 708
355 165 132
134 91 38
679 53 973
318 170 360
568 635 760
677 889 745
454 468 796
487 349 590
717 794 972
905 417 148
87 111 947
230 889 189
991 322 104
91 185 920
12 270 469
341 485 977
309 724 201
127 303 510
576 460 867
181 234 354
708 742 400
496 913 997
351 328 415
403 352 412
441 675 801
319 717 465
577 440 863
83 115 391
436 688 929
389 341 580
508 174 121
750 82 991
900 792 430
391 146 444
746 382 632
331 836 213
465 760 320
957 392 808
899 833 902
470 630 440
197 227 223
671 837 974
251 754 149
195 194 922
644 235 289
638 903 855
92 962 585
829 607 56
249 741 842
129 901 146
805 218 889
554 502 938
205 393 580
785 149 763
546 369 383
667 308 469
43 22 843
781 567 504
877 166 635
915 247 645
146 859 176
816 682 594
90 92 241
795 245 847
580 881 69
295 222 685
560 476 369
731 513 644
627 203 658
490 987 781
735 922 1
205 908 534
257 73 612
334 320 89
587 247 526
157 879 373
336 437 71
678 183 79
402 206 198
514 36 452
921 209 556
118 206 596
204 677 463
137 251 793
734 22 183
346 423 56
382 451 182
826 855 664
935 177 695
988 430 600
7 518 909
982 959 570
148 947 97
445 734 898
245 178 948
557 499 188
78 772 929
254 488 970
522 859 78
46 118 670
438 327 439
786 750 453
9 896 423
493 147 214
255 342 737
570 941 279
210 29 611
36 26 582
293 4 298
65 104 823
835 148 331
182 109 665
410 737 425
323 472 799
306 653 848
426 503 845
221 545 1
91 749 263
686 226 375
981 888 357
332 399 314
372 854 45
956 434 680
870 939 972
340 539 260
727 825 818
848 8 658
415 286 736
323 346 338
884 951 821
611 570 975
314 535 551
897 540 808
678 792 541
311 603 678
532 494 771
861 21 724
285 178 853
215 509 493
225 212 674
631 838 494
61 62 860
582 822 990
664 639 400
444 24 272
500 983 744
985 981 610
459 314 142
148 674 421
773 276 685
179 824 398
812 281 206
104 328 837
597 679 743
618 986 101
953 632 886
525 332 640
871 534 306
403 287 855
937 215 775
678 232 627
936 607 525
699 935 324
51 380 351
388 365 337
506 127 306
287 5 804
730 64 569
272 906 247
815 558 919
628 729 709
17 2 46
894 344 287
548 59 20
343 900 440
66 649 719
198 278 736
144 882 689
24 419 896
21 14 260
210 71 821
199 214 442
570 791 722
798 19 473
19 28 149
254 72 503
523 501 874
813 698 688
710 464 925
903 218 849
384 309 198
2 291 515
699 460 683
406 846 649
123 858 360
26 269 185
276 487 66
214 888 181
702 712 60
243 633 318
5 79 410
192 951 167
487 204 97
691 620 753
574 943 773
785 778 831
217 41 106
224 759 733
241 580 163
805 650 647
154 168 313
441 279 877
357 641 867
332 371 232
762 705 577
583 918 46
176 553 536
520 531 12
175 210 193
178 859 135
345 246 953
838 403 691
4 17 380
137 31 798
50 152 493
277 178 316
902 174 793
651 886 602
332 465 251
630 355 795
81 2 322
425 189 299
980 965 695
194 13 133
257 673 36
523 138 997
873 589 932
448 948 678
561 197 357
125 49 269
374 127 392
11 113 525
608 971 136
265 75 891
1 3 964
467 848 978
582 236 465
442 334 251
170 156 258
320 2 219
514 327 300
588 799 482
248 463 192
274 262 40
243 23 106
829 665 123
100 102 318
912 408 817
412 895 547
973 442 46
202 248 590
237 879 21
700 233 88
55 440 832
625 218 998
4 620 529
364 332 879
847 164 584
392 540 673
293 993 757
339 236 430
243 791 869
15 856 314
103 57 56
976 122 59
273 958 353
752 1000 155
578 851 946
713 526 284
44 234 35
571 649 239
258 71 212
440 696 725
72 121 908
378 53 310
148 959 492
773 475 794
157 602 204
936 197 986
601 610 880
17 83 528
986 262 631
779 775 489
136 4 153
151 3 170
901 728 425
67 73 655
289 896 631
123 189 853
90 66 682
752 899 812
600 362 466
293 480 639
924 893 143
887 177 910
657 255 58
533 756 817
830 840 708
72 793 723
469 893 674
322 483 348
404 178 637
20 42 233
18 571 192
206 438 976
890 404 515
417 813 893
45 55 348
443 101 281
123 937 389
838 209 978
214 513 226
854 217 103
309 286 547
684 958 693
980 842 738
202 654 871
423 202 895
27 84 400
241 299 261
157 93 453
904 188 936
540 974 780
542 172 93
450 52 62
89 878 439
350 236 817
123 188 125
239 38 331
986 962 759
704 745 239
630 280 262
18 478 277
53 35 471
824 69 660
861 625 985
104 517 687
83 101 561
812 478 656
582 580 979
94 32 905
809 75 622
27 26 634
427 672 909
827 409 242
387 104 228
455 828 196
682 943 556
535 632 189
285 862 558
364 13 859
89 146 100
898 141 451
186 963 819
63 434 425
975 508 179
574 224 663
725 499 108
32 105 580
739 831 18
63 352 420
964 547 276
552 863 688
382 383 466
565 181 220
531 504 708
26 229 65
428 626 490
450 319 588
69 93 600
132 251 536
353 184 636
23 33 587
623 173 131
997 674 431
241 911 442
18 800 679
242 943 722
52 18 457
678 114 248
905 1 525
138 230 126
597 601 2
443 35 884
37 50 963
25 59 704
440 102 882
167 754 485
519 451 598
542 727 218
39 41 626
36 107 807
16 912 282
933 449 668
316 40 163
142 478 120
888 164 753
58 846 899
889 581 196
584 791 868
597 86 888
37 284 934
770 204 370
19 712 584
665 256 55
734 894 817
597 619 546
733 358 552
183 905 872
34 341 568
432 250 34
3 12 63
986 243 970
204 446 135
829 466 520
719 214 654
237 463 433
37 9 786
817 578 222
935 579 419
917 925 604
908 21 547
362 445 845
295 209 150
369 262 463
298 333 714
358 835 520
522 325 210
2 120 993
675 13 31
169 381 117
84 554 476
40 294 835
699 640 918
16 19 33
585 58 925
521 403 750
685 855 849
302 867 363
656 464 23
56 186 52
642 299 873
184 310 363
682 217 450
152 573 470
6 804 304
714 991 849
98 307 765
241 246 177
5 14 755
555 637 376
635 235 289
600 526 277
335 174 670
377 209 664
393 642 458
394 855 499
129 376 899
910 586 62
212 855 670
5 856 156
574 58 4
401 558 870
918 812 388
120 490 241
286 252 879
522 884 443
46 401 715
414 21 794
711 311 114
774 557 757
683 955 890
48 75 529
668 929 22
209 245 490
256 133 992
68 323 602
749 652 331
554 92 463
170 165 944
368 303 789
479 890 223
213 188 44
816 798 670
840 666 820
110 158 841
49 574 93
415 168 930
90 950 28
414 527 108
846 862 942
803 87 964
699 546 283
466 35 840
859 494 156
400 768 356
141 79 917
327 204 973
242 663 949
20 2 171
222 599 933
346 186 621
364 515 923
804 208 259
634 642 678
397 776 684
656 751 500
686 653 971
775 864 453
909 79 471
48 526 36
88 81 521
268 566 687
91 50 40
138 51 809
819 54 630
7 18 478
44 390 232
750 459 558
760 827 856
215 923 620
247 353 32
100 726 442
995 866 227
255 649 235
931 679 236
975 758 211
266 937 624
296 466 579
325 819 90
438 24 404
603 421 837
487 859 959
176 250 8
697 225 169
927 427 767
208 385 643
309 613 738
20 627 804
690 476 523
607 360 88
521 706 176
875 107 541
119 765 343
825 868 754
88 803 342
472 204 567
458 168 732
682 633 398
454 134 832
763 573 485
909 178 319
311 673 408
175 446 958
522 984 331
239 225 978
528 506 684
216 726 504
746 456 441
856 580 216
208 596 226
99 829 590
669 489 276
790 173 912
1000 170 384
308 244 272
897 227 310
892 581 799
539 224 64
133 70 903
37 402 35
3 86 565
555 607 128
269 859 159
179 579 226
29 628 315
482 594 118
8 10 159
78 555 690
601 949 175
907 701 424
687 455 462
51 568 461
93 140 117
407 245 215
529 70 850
217 305 730
18 159 916
764 376 699
685 408 755
633 173 152
686 384 350
624 211 669
5 204 410
675 813 461
394 988 844
719 505 988
544 430 268
324 870 924
209 181 538
703 485 773
446 537 837
262 332 269
398 63 403
178 144 1
105 465 212
433 711 340
209 3 790
604 698 851
723 3 399
753 258 552
241 242 148
92 842 214
851 416 741
514 9 729
817 700 4
170 834 752
903 456 888
447 103 70
155 396 430
372 994 660
31 223 946
775 205 190
276 204 111
411 470 961
216 247 90
772 607 267
488 474 879
552 141 706
931 74 211
433 388 661
966 751 147
453 469 730
539 152 333
5 2 651
278 931 829
994 182 95
23 6 411
424 711 852
590 574 514
779 913 560
476 556 757
584 428 645
149 292 639
28 417 585
253 25 410
11 718 974
123 235 592
280 607 804
57 34 401
819 153 169
315 502 366
421 195 127
299 305 207
753 1 162
189 975 500
640 123 280
306 572 475
169 248 398
507 501 637
926 538 590
543 510 516
265 98 632
95 28 981
273 534 846
114 145 670
854 455 14
710 880 214
303 324 971
136 802 949
900 533 569
2 35 418
832 773 194
814 838 763
887 23 488
345 686 335
522 449 570
86 300 151
644 184 7
958 826 780
220 217 257
230 702 161
156 45 907
160 598 21
55 524 783
538 381 403
755 113 378
201 156 907
55 87 398
561 159 729
131 80 808
154 58 120
639 74 826
468 374 294
493 9 480
5 468 339
41 10 86
441 128 919
938 75 557
621 663 833
970 760 693
317 420 545
455 233 807
133 755 279
856 327 407
432 752 785
54 268 192
912 929 423
853 264 85
259 41 39
297 293 384
963 292 78
759 804 356
41 42 473
23 46 391
819 11 99
120 577 783
429 820 284
75 135 907
87 990 623
971 127 463
668 172 139
779 776 547
213 246 601
177 187 649
612 884 879
552 641 253
386 888 155
306 810 801
654 584 176
234 522 478
694 377 64
748 498 64
53 604 572
489 221 662
275 281 593
308 954 681
157 518 963
465 543 420
68 925 803
326 49 248
777 530 714
952 786 791
259 806 354
44 31 440
731 473 302
771 334 327
127 617 652
433 984 675
436 560 610
894 389 654
352 840 960
449 67 823
513 386 230
767 547 926
142 96 362
288 24 802
590 380 694
139 43 59
707 623 757
719 720 26
55 82 701
84 147 971
321 308 875
761 855 682
626 136 97
493 539 618
684 922 631
381 383 686
595 528 169
86 110 834
365 193 245
303 526 170
577 840 581
185 794 916
1 843 855
43 854 183
655 960 407
592 562 53
474 964 670
364 709 512
739 281 886
13 68 453
18 47 280
949 251 373
386 874 191
244 430 694
816 142 433
269 936 984
326 347 883
344 783 552
775 124 52
946 870 885
909 971 836
256 801 124
551 462 51
105 537 966
385 528 20
422 616 457
467 784 489
22 109 159
101 127 583
194 18 594
826 876 727
270 296 896
232 20 282
760 894 446
816 562 474
761 848 350
154 814 639
114 137 661
650 344 378
778 591 654
922 925 58
27 150 554
471 73 942
660 965 267
145 736 275
2 74 204
904 940 534
943 900 21
207 714 773
102 164 28
176 10 233
237 246 361
161 23 961
84 172 266
828 565 176
23 74 744
244 33 592
50 733 775
759 738 399
358 286 173
325 171 524
604 749 327
894 825 879
602 344 584
742 386 878
112 353 538
279 88 412
257 163 586
799 402 498
316 145 901
549 325 828
94 401 33
986 475 554
72 331 710
2 311 1
284 290 108
982 899 479
791 471 524
104 259 575
769 234 404
546 205 314
108 562 660
421 226 306
31 29 238
169 885 902
82 701 400
243 214 652
246 588 260
100 49 256
77 89 822
904 978 124
205 5 995
367 185 632
298 101 328
999 125 63
569 318 347
521 680 655
4 571 57
68 921 420
86 132 288
857 560 612
958 261 659
932 537 824
429 135 612
856 397 589
404 413 496
986 334 286
674 416 757
604 387 459
340 140 171
627 525 443
193 519 590
603 945 44
122 70 919
758 533 314
388 286 323
360 890 592
490 340 155
527 570 860
752 727 223
829 236 984
952 985 755
494 610 347
164 383 727
45 40 802
956 925 641
218 688 159
21 80 307
530 248 191
317 692 589
937 683 891
151 311 241
963 601 606
324 550 658
36 51 999
247 592 6
267 336 372
520 582 647
236 418 774
327 4 524
141 221 395
294 13 776
121 714 383
139 834 764
839 336 851
99 360 86
174 224 763
555 339 567
176 660 337
456 160 775
542 29 406
795 737 768
328 436 408
359 90 575
358 392 733
15 430 634
104 173 472
934 415 984
466 862 842
69 30 614
177 64 586
723 790 926
704 382 655
378 305 245
874 689 183
22 16 707
870 871 256
935 205 743
760 144 193
3 13 291
67 2 45
717 360 485
968 544 145
879 373 768
423 117 470
356 143 100
142 190 986
72 988 664
344 366 88
382 333 204
808 692 457
228 60 513
50 557 136
929 967 415
359 185 61
124 143 653
652 234 270
39 395 180
484 74 855
213 875 718
937 638 307
808 377 923
159 266 265
236 699 504
291 262 15
642 579 650
945 633 764
416 503 779
338 188 103
94 252 593
511 745 821
255 390 99
736 220 344
329 786 827
949 176 852
460 181 362
670 840 965
848 229 762
494 465 551
358 479 763
999 813 505
906 944 914
994 82 493
990 735 96
614 629 753
382 893 533
908 780 806
772 424 68
71 192 312
736 214 935
483 581 21
876 265 355
620 112 246
934 782 677
244 749 1000
714 554 9
965 382 910
666 134 636
482 879 782
277 705 684
839 709 945
425 657 965
703 804 453
35 196 657
815 271 273
717 875 407
735 215 715
671 264 178
910 504 203
223 520 302
179 815 541
131 962 727
339 201 881
68 71 595
208 330 743
291 140 239
304 291 267
120 923 750
387 235 634
643 178 745
213 514 327
154 254 342
51 64 624
129 29 149
515 35 657
171 224 669
213 655 548
436 995 324
874 495 616
224 556 841
229 891 361
143 82 371
678 289 584
431 985 80
92 502 892
642 331 157
687 350 811
297 759 170
917 440 647
297 372 212
178 863 857
58 977 525
3 8 982
91 568 716
427 384 380
998 191 294
880 323 572