1000 2000 10
0
0
0
0
0
0
0
0
0
0
0
0
0
0
0
0
0
1 3
0
0
0
1 2
0
0
0
0
0
0
0
0
0
0
0
0
0
0
0
0
0
0
0
0
1 6
0
0
0
0
0
0
0
0
0
0
0
0
0
0
0
0
0
0
0
0
0
0
0
1 1
0
0
0
0
0
0
0
0
0
0
0
0
0
0
0
0
0
0
0
0
0
0
0
0
0
0
0
0
0
0
0
0
0
1 9
0
0
0
0
0
0
0
0
0
0
0
0
0
0
0
0
0
0
0
0
0
0
0
0
0
0
0
0
0
0
0
0
0
0
0
0
0
0
0
0
0
0
0
0
0
0
0
0
0
0
0
0
0
0
0
0
0
0
0
0
0
0
0
0
0
0
0
0
0
0
0
0
0
0
0
0
0
0
0
0
0
0
0
0
0
0
0
0
0
0
0
0
0
0
1 5
0
0
0
0
0
0
0
0
0
0
0
0
0
0
0
0
0
0
0
0
0
0
0
0
0
0
0
0
0
0
0
0
0
0
0
0
0
0
0
0
0
0
0
0
0
0
0
0
0
0
0
0
0
0
0
0
0
0
0
0
0
0
0
0
0
0
0
0
0
1 9
0
0
0
0
0
0
0
0
0
0
0
0
0
0
0
0
0
0
0
0
0
0
0
0
0
0
0
0
0
0
0
0
0
0
0
0
0
0
0
0
0
0
0
0
0
0
0
0
0
0
0
0
0
0
0
0
0
0
0
0
0
0
0
0
0
0
0
0
0
0
0
0
0
0
0
0
0
0
0
0
0
0
0
0
0
0
0
0
0
0
0
0
0
0
0
0
0
0
0
0
0
0
0
0
0
0
0
0
0
0
1 3
0
0
0
0
0
0
0
0
0
0
1 10
0
0
0
0
0
0
0
0
0
0
1 1
0
0
0
0
0
0
0
0
0
0
0
0
0
0
0
0
0
0
0
0
0
0
0
0
0
0
0
0
0
0
0
0
0
0
0
0
0
0
0
0
0
0
0
0
0
0
0
0
0
0
0
0
0
0
0
0
0
0
0
0
0
0
0
0
0
0
0
0
0
0
0
0
0
0
0
0
0
0
0
0
0
0
0
0
0
0
0
0
0
0
0
0
0
0
0
0
0
0
0
0
0
0
0
0
0
0
0
0
0
0
0
0
0
0
0
0
0
0
0
0
0
0
0
0
0
0
0
0
0
0
0
1 7
0
0
0
0
0
0
0
0
0
0
0
0
1 10
0
0
0
0
0
0
0
0
0
0
0
0
0
0
0
0
0
0
0
0
0
0
0
0
0
0
0
0
0
0
0
0
0
0
0
0
0
0
0
0
0
0
0
0
0
0
0
0
0
0
0
0
0
0
0
0
0
0
0
0
0
0
0
0
0
0
0
0
0
0
0
0
0
0
0
0
0
0
0
0
0
0
0
0
0
0
0
0
1 10
0
0
0
0
0
0
0
0
0
0
0
0
0
0
1 5
0
0
0
0
0
0
0
0
0
0
0
0
0
0
0
0
0
0
0
0
0
0
0
0
0
0
0
0
0
0
0
0
0
0
0
0
0
0
0
0
0
0
0
0
0
0
0
0
0
0
0
0
0
0
0
0
0
0
0
0
0
0
0
0
0
0
0
0
0
0
0
0
0
0
0
0
0
0
0
0
0
0
0
0
0
0
0
0
0
0
0
0
0
0
0
0
0
0
0
0
0
0
0
0
0
0
0
0
0
0
0
0
0
0
0
0
0
0
0
0
0
0
1 5
0
0
0
0
0
0
0
0
0
0
0
0
0
0
0
0
0
0
0
0
0
0
0
0
0
0
0
0
0
0
0
0
0
0
0
0
0
0
0
0
0
0
0
0
0
0
0
0
0
0
0
1 8
1 4
0
0
0
0
0
0
0
0
0
0
0
0
1 1
0
0
0
0
0
0
0
0
0
0
0
0
0
0
0
0
0
0
0
0
0
0
0
0
0
0
0
0
0
0
0
0
0
0
0
0
1 7
0
0
0
0
0
0
0
0
0
0
0
0
0
0
0
0
0
0
0
0
0
0
0
0
0
0
0
0
0
0
0
0
0
0
0
0
0
0
0
0
0
0
0
0
0
0
0
0
0
0
0
0
0
0
0
0
0
0
0
0
0
0
0
0
0
0
0
0
0
0
0
0
0
0
0
0
0
0
0
0
0
0
0
0
0
0
0
0
0
0
0
0
0
0
0
0
0
0
0
0
0
0
0
0
0
0
0
0
0
0
0
0
0
0
0
0
0
0
1 7
0
0
0
0
0
0
0
266 265 405
876 535 125
724 723 831
42 273 236
471 473 750
627 25 563
341 342 430
400 399 255
235 383 179
553 552 626
301 862 953
208 173 90
21 20 911
909 908 128
832 834 146
992 994 966
643 641 82
472 474 569
897 475 573
172 768 857
176 178 917
583 581 437
462 461 340
28 733 587
74 75 146
335 334 575
781 782 770
247 248 335
373 371 504
294 292 924
99 97 209
217 900 818
96 98 952
373 375 403
197 198 674
399 401 106
89 7 363
967 966 181
689 425 94
362 361 680
551 549 552
339 817 964
793 992 902
405 403 587
733 583 277
146 35 196
993 991 11
412 410 587
297 298 743
437 438 968
118 194 661
251 325 32
117 116 930
418 343 910
273 271 347
247 245 897
451 452 324
774 773 488
739 741 532
802 971 357
134 744 527
241 239 493
796 950 420
626 625 253
215 439 638
359 678 204
934 735 389
510 508 451
473 475 625
237 235 547
58 684 337
327 328 644
188 190 824
223 225 421
72 73 754
48 47 150
720 722 231
421 419 65
657 429 797
979 525 609
843 841 963
866 198 850
560 748 107
759 760 641
645 646 351
777 779 993
652 653 611
900 831 723
248 747 667
407 405 587
540 538 250
359 360 308
920 922 554
281 283 725
288 42 393
433 434 604
96 265 781
710 526 135
58 59 761
769 768 114
200 201 202
285 603 631
69 67 468
464 466 283
246 244 415
18 143 217
179 181 684
192 194 697
758 428 637
802 352 326
938 463 335
817 819 516
997 190 730
722 723 492
121 120 307
605 169 36
493 492 483
836 834 346
179 630 818
605 604 577
371 282 249
56 58 562
940 141 196
882 883 778
398 397 967
818 775 255
905 904 585
776 777 572
513 515 682
439 583 636
948 949 471
129 130 120
841 624 523
380 378 426
382 383 200
985 987 784
463 636 306
39 782 746
348 346 553
194 195 670
449 127 399
998 648 221
394 396 113
406 408 64
508 509 354
437 435 561
203 201 515
258 729 997
912 914 468
843 845 81
923 922 594
627 732 955
823 984 394
687 371 917
732 302 439
764 886 493
790 788 373
287 95 77
809 811 839
579 577 923
349 831 916
492 572 121
783 785 747
858 844 810
780 781 41
601 602 137
75 149 206
312 311 807
694 696 774
262 263 402
291 289 818
969 967 260
240 435 165
476 323 730
80 696 133
66 68 458
90 92 64
379 315 534
141 143 777
95 815 494
969 755 47
349 351 265
769 771 829
356 959 941
998 838 814
924 923 130
854 855 340
51 392 953
907 895 399
954 955 881
725 726 45
13 353 318
771 301 443
708 706 289
633 634 112
316 200 421
447 986 829
735 733 810
364 363 478
693 691 917
596 598 337
810 226 531
819 820 664
371 633 365
849 850 58
263 82 644
400 620 857
260 258 831
31 33 999
465 464 151
371 370 962
976 698 485
160 159 713
584 585 507
790 681 380
671 673 619
360 361 97
915 913 346
67 65 54
604 590 196
665 944 76
706 412 480
863 458 616
137 820 660
153 155 717
873 874 301
323 321 274
111 336 777
269 270 427
29 772 961
860 185 118
153 274 22
172 173 759
307 844 269
699 816 812
181 338 362
486 364 317
29 157 456
128 127 190
15 17 105
418 419 641
552 550 521
423 424 713
925 265 603
932 934 928
894 11 631
592 591 688
668 670 723
278 276 244
979 816 445
940 938 517
624 107 285
70 71 478
852 173 716
628 664 493
153 333 218
907 908 417
417 861 920
636 649 538
447 449 999
603 889 123
978 976 427
9 658 856
777 934 125
423 286 997
386 384 302
897 898 89
388 684 705
789 791 472
221 345 105
994 818 914
314 316 25
461 459 138
115 788 882
611 695 957
389 416 704
829 704 303
354 189 782
543 541 188
577 588 947
324 322 517
452 519 206
162 163 17
966 86 134
283 1 919
931 831 279
628 627 808
56 117 469
573 572 9
966 799 994
846 93 843
916 251 598
507 450 246
575 576 395
680 679 271
657 350 199
688 689 193
229 231 260
929 927 376
305 307 74
45 878 523
103 104 643
546 547 799
776 775 973
462 552 731
855 504 138
480 950 858
713 712 748
611 613 730
771 189 52
674 672 967
924 341 198
403 404 169
507 140 123
275 367 991
164 165 706
384 151 322
305 961 455
935 933 143
569 504 120
485 673 281
147 390 217
204 960 968
971 334 973
507 506 176
883 885 416
132 13 666
415 416 104
142 970 56
564 238 543
795 794 668
533 531 506
805 807 632
244 243 975
239 851 283
922 552 894
285 283 403
541 539 553
811 812 489
831 833 561
81 79 392
948 500 484
475 477 356
103 254 842
397 396 864
937 939 848
887 27 433
323 923 909
380 229 39
733 130 79
120 963 444
16 231 941
258 257 899
734 881 429
536 538 810
428 429 290
715 714 42
942 943 446
574 573 299
24 996 52
365 30 988
704 703 101
439 441 739
838 837 577
800 801 435
639 637 708
185 184 154
783 526 326
128 106 981
236 234 524
664 665 25
242 241 992
912 913 307
221 222 33
980 978 922
758 759 512
440 414 85
954 956 541
55 648 1000
596 183 838
497 498 261
482 544 703
548 311 863
759 761 293
787 789 864
10 843 72
34 407 920
876 877 805
592 901 949
33 984 428
578 576 340
706 705 287
608 818 690
449 451 436
144 146 221
437 797 13
18 780 927
231 2 110
997 91 941
653 107 544
846 767 864
230 754 18
146 434 173
713 527 629
744 743 772
276 693 259
562 560 730
195 730 556
634 635 614
455 456 386
608 606 207
622 620 735
817 933 929
206 726 49
630 631 970
179 127 84
9 443 818
700 698 651
294 295 848
871 869 973
86 88 312
544 545 5
919 920 441
827 825 163
129 128 127
142 457 100
178 640 660
428 426 181
728 510 835
23 707 616
170 3 349
811 813 738
746 775 692
562 351 972
860 859 131
418 417 131
509 722 174
565 563 516
777 750 854
606 663 957
82 81 690
358 359 578
132 130 901
353 352 97
228 229 967
973 972 303
439 557 32
137 138 911
589 591 847
587 585 748
785 787 884
368 370 494
854 856 189
142 144 554
315 317 544
786 380 486
429 207 287
497 499 255
982 984 111
709 291 55
886 887 457
930 89 612
580 581 294
193 493 709
694 544 123
547 20 46
815 813 366
818 817 460
845 847 461
521 519 339
526 525 954
591 282 581
321 562 135
927 35 516
234 593 946
327 326 413
118 764 539
708 669 67
224 223 456
350 976 782
347 346 83
282 281 458
869 868 620
34 509 377
608 610 324
961 960 613
195 135 565
254 663 162
187 189 517
157 156 285
355 356 626
18 17 573
544 543 554
239 237 893
413 414 160
99 810 625
532 530 908
913 285 759
209 208 844
59 60 409
172 171 738
277 99 669
94 92 375
910 909 164
158 157 615
168 166 709
621 124 499
34 563 371
121 122 110
148 689 642
416 417 725
114 699 381
92 243 831
151 595 974
291 992 509
548 46 914
87 86 352
176 496 282
715 717 917
357 24 145
531 529 19
942 944 948
870 872 542
512 510 241
440 438 567
963 964 858
300 598 896
873 174 12
159 161 171
143 145 119
339 340 225
196 194 441
561 563 264
522 795 80
336 812 308
926 925 881
410 411 322
898 900 666
506 508 880
651 387 940
989 987 649
119 919 614
882 793 17
171 169 925
648 647 505
232 234 847
711 710 392
495 159 479
264 70 953
79 78 330
495 497 175
747 436 955
729 727 122
600 77 996
208 825 972
468 470 545
560 559 295
554 553 466
329 34 654
712 710 681
671 264 546
6 4 353
479 478 355
243 536 361
657 541 322
458 460 16
92 93 78
179 10 282
704 705 84
89 920 54
754 753 977
117 219 846
469 468 926
784 364 221
889 891 151
50 234 803
272 274 965
775 773 145
239 240 244
953 952 445
795 797 810
398 399 138
256 257 896
177 176 945
46 172 190
914 851 906
846 934 735
227 527 967
390 389 598
905 907 597
437 439 159
256 305 81
938 367 241
863 861 207
962 963 600
502 140 666
198 590 29
366 81 254
837 836 206
514 512 829
323 709 865
788 787 89
884 301 619
634 636 508
480 447 106
229 173 998
68 70 508
922 299 783
235 234 492
976 181 472
287 285 600
206 207 272
107 981 259
391 389 993
470 691 790
884 334 70
430 890 869
1 467 715
894 893 906
901 465 66
295 223 629
244 245 328
120 891 779
14 638 875
270 272 635
501 499 990
904 903 684
218 219 700
123 122 247
793 639 994
210 208 216
878 876 858
52 176 23
484 482 920
656 655 407
527 225 435
186 795 147
713 531 193
928 516 653
920 921 365
486 484 535
414 415 803
656 657 343
528 529 200
300 298 762
854 480 626
640 641 533
125 799 875
571 572 429
821 823 276
740 738 991
730 599 766
483 403 853
169 770 863
559 332 489
673 288 12
215 217 459
826 824 36
402 403 399
969 799 653
364 927 861
116 930 747
374 325 415
911 910 971
450 448 587
818 675 936
6 444 771
725 724 26
851 853 381
671 672 676
733 732 318
274 209 12
825 823 45
793 220 21
806 186 120
687 685 115
788 199 735
329 331 924
112 111 866
881 880 754
28 26 47
929 931 605
165 167 360
655 717 498
441 442 404
174 176 878
603 601 364
559 557 330
701 699 223
93 95 292
694 692 18
496 494 272
160 162 718
681 680 578
312 496 424
217 218 807
777 602 458
706 812 934
23 961 69
733 734 55
494 317 535
851 849 116
994 66 712
318 145 348
744 683 244
136 424 363
504 503 138
31 30 447
439 227 655
587 858 802
345 344 799
252 936 525
28 29 409
296 297 313
898 86 449
917 915 92
118 116 915
76 77 443
725 727 936
590 589 229
801 195 841
550 548 965
807 808 973
242 243 826
506 988 288
255 256 987
666 667 968
434 435 424
903 698 790
900 902 47
899 842 548
427 436 443
376 374 860
920 975 229
103 105 144
420 753 555
534 371 524
528 526 916
619 621 614
40 424 29
140 139 566
918 752 88
687 832 904
292 155 71
569 589 87
258 997 506
574 420 742
271 815 59
655 881 725
821 950 59
84 83 685
401 772 83
554 760 991
961 962 295
828 829 72
291 330 370
520 210 177
938 524 691
135 117 859
84 85 497
654 652 416
183 182 528
524 426 196
928 926 561
379 378 495
896 475 340
68 65 517
442 443 917
210 212 682
467 926 714
780 11 711
651 649 789
167 118 661
431 430 201
463 992 439
585 586 820
65 63 813
741 742 155
289 288 332
388 386 966
623 354 880
471 472 27
688 687 568
995 994 81
14 15 730
271 270 383
400 178 606
203 204 664
906 904 299
838 840 781
44 413 861
512 513 504
151 389 93
652 800 851
215 138 174
44 43 416
226 224 58
447 445 486
208 618 824
775 573 677
30 752 462
872 873 949
691 689 420
656 652 361
498 314 793
521 567 509
569 801 661
192 193 781
186 1000 147
328 330 326
260 262 905
555 52 282
744 746 673
518 516 674
312 313 683
615 545 393
517 519 786
807 620 964
770 934 961
147 146 296
433 269 577
528 408 767
654 159 794
19 106 631
664 892 692
916 671 179
622 691 743
858 859 366
148 150 564
602 604 51
638 314 197
851 936 338
396 628 760
946 268 931
279 932 957
952 950 980
447 5 443
425 426 54
424 425 738
555 568 341
351 352 179
936 934 589
899 901 329
78 77 37
929 930 547
301 300 896
624 641 808
346 344 949
456 39 616
54 865 318
701 756 675
376 517 27
960 718 698
420 162 447
269 338 38
667 754 723
718 716 590
841 840 454
339 163 660
464 462 614
213 211 463
222 959 81
914 525 796
746 747 990
155 102 763
357 358 361
712 714 371
661 450 525
725 412 143
279 277 836
161 519 609
513 483 1
599 523 581
356 197 886
569 873 96
650 636 914
115 559 926
963 889 714
241 681 82
270 834 662
716 796 137
309 307 986
32 31 66
291 642 644
91 420 40
615 614 415
798 799 254
516 9 537
672 533 358
791 792 208
114 113 556
622 624 34
903 901 52
755 674 239
280 760 317
689 690 151
899 897 396
890 892 947
657 659 210
265 267 595
817 511 865
627 629 851
992 733 640
136 137 392
969 970 264
809 673 891
629 630 42
852 851 69
848 849 67
504 505 449
593 592 488
490 489 222
909 622 555
803 802 698
305 303 651
851 947 101
98 36 323
558 556 673
805 804 515
341 258 350
40 39 941
434 208 85
671 670 524
656 175 594
368 369 75
421 423 720
765 49 62
968 966 166
700 473 818
960 959 311
786 192 699
52 51 120
661 660 662
667 240 306
563 564 336
839 838 720
15 192 286
642 158 240
10 8 876
14 16 677
854 967 293
569 980 628
666 668 801
499 536 153
678 679 875
572 192 603
870 919 320
525 524 919
937 935 293
747 68 460
787 844 179
582 804 97
802 265 45
751 753 61
485 483 44
36 35 467
318 707 24
145 238 416
53 54 958
346 155 870
775 388 139
187 185 773
488 611 612
33 627 337
893 895 884
387 385 729
58 251 789
510 931 979
942 940 370
252 250 249
313 818 421
944 945 245
166 165 472
536 537 731
721 720 817
617 615 16
262 264 238
280 118 156
537 885 668
410 408 951
72 71 331
366 368 393
506 389 433
568 157 795
463 908 512
165 898 221
413 410 356
311 353 866
324 930 90
333 334 954
168 580 759
764 763 849
444 437 787
467 468 902
74 287 44
14 13 249
398 174 765
787 149 295
227 878 922
567 689 291
268 525 830
7 9 638
743 742 177
108 109 288
888 50 708
702 701 838
365 732 191
435 436 161
363 844 747
257 671 587
654 655 47
815 816 446
128 756 549
107 197 130
685 683 228
347 286 300
253 254 447
766 637 16
450 137 6
565 567 479
988 987 750
262 367 596
575 574 631
469 419 963
365 810 545
338 337 167
993 93 637
249 251 574
577 108 140
286 845 943
277 284 435
710 709 925
354 478 942
97 95 343
457 458 23
334 336 356
46 47 518
573 671 644
22 21 525
539 174 299
493 495 275
647 735 267
918 285 128
428 920 615
178 273 835
378 43 246
379 76 529
757 756 588
730 732 404
182 184 764
915 100 156
202 134 509
119 766 592
9 913 368
362 758 526
234 302 841
751 168 215
213 215 868
101 168 360
394 392 185
539 27 780
348 350 997
321 237 272
835 834 769
679 739 725
320 660 822
530 528 327
365 367 289
5 3 32
702 703 960
118 120 710
728 727 313
881 882 373
883 11 790
465 467 86
932 931 470
117 287 266
601 929 609
796 222 920
646 647 79
457 379 986
205 239 518
916 914 589
662 664 776
232 231 232
137 139 954
376 378 689
2 316 641
535 533 455
844 846 800
508 885 141
597 461 898
784 783 714
453 654 560
25 26 423
493 494 115
583 133 252
671 156 488
268 831 826
925 65 985
605 608 654
2 1 897
959 992 829
772 417 258
229 619 771
284 299 8
133 132 566
766 468 659
219 173 757
859 18 26
935 397 155
988 393 761
406 405 112
252 253 89
710 952 940
228 230 57
569 570 448
858 857 224
852 256 145
647 772 19
832 830 107
212 214 487
631 162 502
549 69 757
606 175 365
122 961 762
486 40 592
964 428 560
465 214 421
85 285 485
906 218 71
227 855 171
204 205 809
497 838 462
116 115 186
619 617 500
169 613 746
960 472 160
5 832 866
939 941 652
797 798 12
86 979 325
366 364 265
765 767 51
18 20 492
363 361 911
689 6 771
65 193 458
609 607 662
274 979 460
370 514 918
230 245 638
29 30 27
6 7 842
445 453 781
428 48 92
55 54 235
729 293 599
671 169 34
489 487 733
349 347 358
99 100 911
696 427 441
830 641 175
662 786 234
842 844 56
946 947 440
418 726 301
339 415 323
896 512 359
683 693 393
458 339 971
917 103 937
631 632 926
531 194 97
310 330 915
250 248 369
114 787 80
717 820 719
977 979 697
800 264 665
81 193 443
82 359 241
57 121 464
206 723 5
230 223 648
124 126 208
364 633 560
556 555 66
863 864 56
372 374 209
568 567 656
793 791 843
744 154 420
680 413 514
759 990 433
548 249 375
571 995 223
895 896 981
422 984 522
520 518 841
492 491 87
853 607 621
879 926 526
913 794 541
557 556 567
640 403 720
133 134 617
824 822 532
719 717 113
41 42 895
805 806 528
318 320 16
141 142 83
482 477 818
950 951 630
94 525 811
844 957 818
480 479 167
952 954 749
82 83 446
623 625 495
100 20 567
991 992 950
38 37 614
624 118 649
871 677 310
974 972 857
869 645 849
554 411 842
600 598 367
996 633 291
134 209 497
571 589 895
167 638 373
803 804 612
106 105 119
40 976 825
82 251 119
209 211 3
947 323 269
279 348 989
320 487 815
616 618 504
713 762 72
363 365 520
664 666 645
317 318 411
933 640 835
426 100 261
298 299 909
657 412 866
891 751 417
167 169 700
115 113 756
287 288 265
357 666 349
880 936 569
303 304 865
225 978 226
334 652 130
109 758 984
126 702 269
771 665 620
503 750 371
978 634 186
239 736 222
355 357 264
166 189 309
113 111 489
230 262 735
41 39 905
274 275 302
818 47 620
191 192 913
938 936 628
974 975 171
645 643 28
725 201 540
261 260 784
769 401 137
627 625 868
61 59 986
690 872 612
657 658 269
786 213 957
848 846 644
335 337 927
383 384 281
514 516 647
31 446 131
28 704 804
662 661 169
954 951 9
280 718 962
280 279 131
306 308 54
478 297 731
148 147 661
749 748 458
476 475 116
838 911 698
584 617 846
972 971 138
808 810 574
23 22 732
283 276 845
925 718 780
623 882 920
447 768 92
536 534 775
233 232 841
632 633 376
423 905 542
74 76 621
697 695 878
142 861 690
759 508 820
500 499 121
500 631 704
643 984 441
44 45 745
733 610 852
107 106 495
201 701 561
396 312 2
274 276 937
827 421 604
8 216 994
946 944 1
326 324 582
738 739 272
469 471 420
481 483 616
709 708 844
168 175 296
724 529 117
221 13 851
30 986 785
516 861 412
604 152 460
392 393 926
842 840 283
687 709 33
645 875 839
340 341 47
716 714 56
88 437 61
269 268 1000
663 662 506
719 232 114
364 222 908
63 124 880
95 226 835
403 922 725
521 771 454
602 210 910
435 135 779
439 388 906
453 454 217
625 317 530
883 303 86
67 221 281
750 749 825
687 822 610
449 781 982
184 624 647
426 191 709
511 509 679
505 506 757
260 289 350
910 100 333
475 232 928
293 292 685
179 180 705
280 871 753
585 568 744
788 517 815
307 648 149
128 630 437
809 808 15
188 187 609
764 766 349
815 143 233
622 623 335
459 458 530
324 325 655
801 539 614
893 891 395
546 544 897
890 889 939
651 190 874
630 551 516
870 545 469
525 527 643
224 267 753
860 862 748
102 578 5
802 801 184
252 325 209
764 765 726
879 880 467
400 591 796
918 919 905
353 355 952
337 339 642
475 500 817
384 596 578
351 766 217
223 548 14
319 321 243
520 940 620
737 735 622
598 599 945
931 933 344
743 561 678
698 418 355
196 197 767
777 778 378
127 125 164
997 998 60
832 664 490
221 219 495
769 770 729
685 686 982
57 745 265
247 249 586
942 870 142
24 23 979
156 155 458
290 288 591
909 761 757
610 33 39
382 380 671
683 447 921
547 549 939
875 874 360
792 937 253
619 620 352
443 445 353
366 624 869
46 45 713
89 512 721
260 518 621
589 126 697
948 947 970
99 101 581
487 485 734
937 794 46
782 783 613
34 33 449
950 29 651
302 303 303
646 185 184
954 846 42
561 559 875
226 99 918
401 402 905
614 612 577
523 360 475
276 938 954
720 467 740
200 202 860
173 174 230
463 461 741
587 589 424
480 168 689
675 530 374
785 786 418
579 182 612
876 875 811
320 722 211
392 390 252
957 958 107
346 519 331
131 129 766
23 421 163
915 687 334
476 392 796
580 579 507
800 799 774
116 348 461
503 338 719
897 92 266
499 231 256
768 382 332
760 762 635
462 604 575
713 86 345
185 28 42
999 546 337
975 976 135
488 964 258
955 957 775
267 268 490
542 541 926
678 99 153
178 179 205
693 695 921
850 420 244
578 443 211
388 389 364
821 300 464
684 682 548
226 326 649
366 507 238
45 314 457
295 296 126
743 970 915
879 170 487
978 420 921
730 884 966
235 15 574
796 795 324
751 566 185
174 175 561
640 768 881
985 984 583
867 866 73
455 536 521
274 768 830
950 948 107
9 11 676
202 360 644
897 895 127
595 596 854
45 912 136
504 759 977
27 26 564
380 381 317
275 277 28
660 658 711
722 574 843
681 683 362
745 743 498
402 893 529
152 150 375
606 607 505
736 735 808
168 674 232
329 327 695
371 372 779
981 980 90
85 86 478
818 986 560
977 976 101
594 592 594
134 135 634
284 286 924
682 680 249
170 168 401
111 196 581
640 218 205
825 585 290
9 24 225
528 489 763
347 425 859
773 405 833
431 433 307
411 254 340
927 926 670
336 604 143
748 466 173
635 637 432
966 592 56
609 320 43
912 911 532
89 90 391
586 588 338
301 558 821
818 431 879
421 182 24
107 930 696
773 771 934
533 534 611
331 333 695
397 714 904
3 4 202
282 284 391
615 580 771
850 642 931
675 677 736
831 829 449
640 311 869
616 615 861
409 407 925
967 241 217
432 221 904
988 990 399
144 74 131
521 522 440
142 663 847
62 63 862
39 37 25
367 613 861
335 447 565
124 70 635
530 104 441
539 538 6
222 933 421
94 805 283
989 991 796
149 147 508
988 860 285
617 675 352
849 509 263
912 977 31
238 753 784
409 4 894
66 434 321
152 153 61
916 918 269
141 139 58
651 772 429
920 908 837
114 466 23
10 12 341
309 311 407
320 697 404
997 264 902
705 707 23
305 306 999
581 582 28
790 786 452
453 452 255
345 816 38
930 27 512
640 642 292
220 871 980
605 606 56
140 277 20
313 315 578
361 32 353
243 586 239
198 196 12
109 111 580
851 549 390
57 55 565
108 110 223
155 468 673
640 638 65
66 831 861
478 476 357
181 747 388
752 751 603
994 623 759
615 421 996
691 847 366
424 913 439
344 343 628
166 515 802
100 102 292
554 610 556
595 593 468
888 887 503
24 275 5
750 751 219
442 193 771
879 877 613
598 326 410
619 975 124
422 719 259
531 132 190
924 925 651
737 738 585
755 753 451
200 695 946
353 354 709
511 536 28
815 215 311
815 817 732
383 385 326
506 753 277
320 848 627
971 970 124
829 830 302
627 102 397
729 730 129
50 48 2
649 650 845
977 788 33
776 76 37
922 557 454
866 868 622
14 99 638
595 324 751
489 491 544
54 56 139
637 638 357
1 510 233
640 273 727
452 643 658
648 490 799
357 658 944
837 180 654
564 479 186
116 401 411
828 827 567
123 124 969
533 217 797
735 623 934
611 447 83
343 341 57
138 839 309
68 556 300
797 140 184
776 170 430
467 208 348
492 983 592
323 190 16
980 982 124
49 48 534
779 348 496
79 80 223
734 154 270
773 116 741
49 967 658
634 130 374
964 965 91
535 332 304
171 699 277
216 214 160
503 501 147
515 216 57
813 541 78
411 413 120
74 72 196
562 823 165
459 412 418
529 475 980
177 94 951
228 226 513
921 973 355
598 699 487
257 259 560
127 853 146
612 610 336
584 583 967
823 402 115
1 262 668
125 123 70
90 288 574
35 34 621
307 521 310
746 748 597
791 525 386
699 698 567
861 860 104
307 792 142
500 599 167
854 852 104
221 223 547
213 3 655
731 340 776
570 571 94
869 499 292
801 746 968
330 332 284
839 175 376
208 206 451
198 200 992
1 3 333
185 186 635
576 501 16
149 151 144
865 864 69
772 771 89
762 763 589
695 573 947
145 488 295
237 238 909
37 35 452
778 780 534
908 719 10
136 135 690
142 934 666
448 447 837
189 706 890
698 697 340
398 763 813
720 697 616
737 5 275
622 853 544
573 869 630
984 986 315
146 965 85
359 633 323
231 372 532
667 669 168
676 674 40
855 857 575
190 901 14
302 731 576
994 996 723
548 546 733
478 521 941
20 788 711
64 62 630
555 585 26
819 821 612
299 971 585
866 864 201
589 568 412
271 850 671
102 712 470
523 524 552
769 888 611
481 479 200
219 220 655
250 285 267
19 18 436
83 977 209
997 995 332
312 314 557
181 771 503
983 982 597
603 51 930
6 8 585
932 242 137
886 884 233
530 864 758
126 588 602
409 913 33
33 301 661
782 209 780
452 898 655
126 60 969
998 999 927
858 872 578
488 486 743
959 286 409
332 666 676
18 491 260
179 3 651
599 601 335
959 958 107
558 244 176
1 105 530
874 484 428
500 502 690
634 772 72
265 263 190
211 274 666
678 531 903
877 442 836
455 453 913
377 375 803
412 326 411
537 620 270
758 756 740
258 384 720
190 191 64
498 58 595
927 599 611
620 228 696
197 199 711
308 310 451
930 390 817
5 45 782
302 301 861
597 595 8
286 817 993
974 765 100
41 43 137
2 71 987
280 281 657
206 205 422
583 970 244
318 886 173
292 290 427
895 104 703
420 419 189
208 792 754
154 152 701
606 990 177
389 126 938
143 195 963
931 76 68
778 527 931
737 827 196
550 442 82
195 331 960
833 712 916
889 887 521
839 11 951
159 157 481
225 227 963
53 52 759
430 428 588
530 906 224
298 443 902
395 394 37
254 255 931
119 118 769
102 103 197
754 950 308
832 468 432
604 942 150
318 319 591
25 23 861
636 124 744
847 977 256
66 64 896
731 730 449
803 876 395
627 884 866
420 422 445
430 432 688
710 646 1000
252 811 41
642 644 421
95 209 830
720 718 788
47 871 895
725 485 483
162 164 465
813 814 231
404 808 772
569 567 50
88 89 219
871 542 67
966 965 687
674 675 796
537 933 184
108 106 692
164 337 647
648 649 347
11 13 74
869 870 994
173 888 20
50 151 106
954 422 972
572 620 4
446 445 281
482 480 674
720 542 687
60 62 865
755 756 242
881 336 264
602 353 994
284 24 807
794 792 648
652 650 55
1000 999 389
602 635 102
442 425 134
427 425 185
559 949 533
266 125 546
678 677 484
49 51 245
565 566 993
988 881 964
505 851 915
263 949 799
797 745 898
456 457 379
635 967 873
320 322 673
576 577 170
566 644 748
310 631 984
561 298 19
941 947 932
523 521 655
454 582 506
884 882 723
94 96 455
691 692 761
324 555 362
876 885 309
553 555 294
767 768 343
90 91 975
822 821 598
609 853 671
372 999 124
769 234 563
433 61 158
774 207 329
914 37 404
940 704 523
517 516 839
847 966 306
83 515 146
8 337 725
159 836 66
928 460 674
10 981 868
348 111 244
125 281 708
516 62 544
711 339 935
88 40 941
569 316 995
926 625 601
180 182 205
610 611 182
534 708 361
444 442 246