1000 2000 10
0
0
0
0
0
0
0
0
0
0
0
0
0
0
0
0
0
0
0
0
0
0
0
0
0
0
0
0
0
0
0
0
0
0
0
0
0
0
0
0
0
0
0
0
0
0
0
0
0
0
0
0
0
0
0
0
0
0
0
0
0
0
0
0
0
0
0
0
0
0
0
0
0
0
0
0
0
0
0
0
0
0
0
0
0
0
0
0
0
0
0
0
0
0
0
0
0
0
0
0
0
0
0
0
0
0
0
0
0
0
0
0
0
0
0
0
0
0
0
0
0
0
0
0
0
0
0
0
0
0
0
0
0
0
0
0
0
0
0
0
0
0
0
0
0
0
0
0
0
0
0
0
0
0
0
0
1 2
0
0
0
0
0
0
0
0
0
0
0
0
0
0
0
0
0
0
0
0
0
0
0
0
0
0
0
0
0
0
0
0
0
0
0
0
0
0
0
0
0
0
0
1 7
0
0
0
0
0
0
0
0
0
0
0
0
0
0
0
0
0
0
0
0
0
0
0
0
0
0
0
0
0
0
0
0
0
0
0
0
0
0
0
0
0
0
0
0
0
0
0
0
0
0
0
0
0
0
0
0
0
0
0
0
0
0
0
0
0
0
0
0
0
0
0
0
0
0
0
0
0
0
0
0
0
0
0
0
0
0
0
0
0
0
0
0
0
0
0
0
0
0
0
0
0
0
0
0
0
0
0
0
0
0
0
0
0
0
0
0
0
0
0
0
0
0
0
0
0
0
0
0
0
0
0
0
0
0
0
0
0
0
0
0
0
0
0
0
0
0
0
0
0
0
0
0
0
0
0
0
0
0
0
0
0
0
0
0
0
0
0
0
0
0
0
0
0
0
0
0
0
0
0
0
0
0
0
0
0
0
0
0
0
0
0
0
0
0
0
0
0
0
0
0
0
0
0
0
0
0
0
0
0
0
0
0
0
0
1 8
0
0
0
0
0
0
0
1 9
0
0
0
0
0
0
0
0
0
0
0
0
0
0
0
0
0
0
0
0
0
0
0
0
0
0
0
0
0
0
0
0
0
0
0
0
0
0
0
0
0
0
0
0
0
0
0
0
0
0
0
0
0
0
0
0
0
0
0
0
0
0
0
0
0
0
0
0
0
0
0
0
0
0
0
0
0
0
0
0
0
0
0
0
1 4
0
0
0
0
0
0
0
0
0
0
0
0
0
0
0
0
0
0
0
0
0
0
0
0
0
0
0
0
0
0
0
0
0
0
0
0
0
0
0
0
0
0
0
0
0
0
0
0
0
0
0
0
0
0
0
0
0
0
0
0
0
0
0
0
0
0
0
0
0
0
0
0
0
0
0
0
1 5
0
0
0
0
0
0
0
0
0
0
0
0
0
0
0
0
0
0
0
0
0
0
0
0
0
0
0
0
0
0
0
0
0
0
0
0
0
0
0
0
0
0
0
0
0
0
0
0
0
0
0
0
0
0
0
0
0
0
0
0
0
0
0
0
0
0
0
0
0
0
0
0
0
0
0
0
0
0
0
0
0
0
0
0
0
0
0
0
0
0
0
0
0
0
0
0
0
0
0
0
0
0
0
0
0
0
0
0
0
0
0
0
0
0
0
0
0
0
0
0
0
0
0
0
0
0
0
0
0
0
0
0
0
0
0
0
0
0
0
0
0
0
0
0
0
0
0
0
0
0
0
0
0
0
0
0
0
0
0
0
0
0
0
0
0
0
0
0
0
0
0
0
1 6
0
0
0
0
0
0
0
0
0
0
0
0
0
0
0
0
0
0
0
0
0
0
0
0
0
0
0
0
0
0
0
0
0
0
1 10
0
0
0
0
0
0
0
0
0
0
0
0
0
0
0
0
0
0
0
0
0
0
0
0
0
0
0
0
0
0
0
0
0
0
0
0
0
0
0
0
0
0
0
0
0
1 3
0
0
0
0
0
0
0
0
0
0
0
0
0
0
0
1 1
0
0
0
0
0
0
0
0
0
0
0
0
0
0
0
0
0
0
0
0
0
0
0
0
0
0
0
0
0
0
0
0
0
0
0
0
0
0
0
0
0
0
0
0
0
0
0
0
0
0
0
0
0
0
0
0
0
0
0
0
0
0
0
0
0
0
0
0
0
0
0
0
0
0
0
0
0
0
0
0
0
0
0
0
0
0
0
0
0
0
0
0
0
0
0
0
0
0
0
0
0
0
0
0
0
0
0
0
0
0
0
0
0
0
0
0
0
0
0
0
0
0
0
0
0
0
0
0
0
0
0
0
0
0
0
0
0
0
0
0
0
0
0
0
946 942 387
952 951 840
890 887 637
68 71 720
411 157 894
857 852 490
121 118 33
121 443 634
92 94 963
898 951 412
339 335 382
586 899 896
455 454 51
600 597 89
396 400 859
757 522 841
953 821 429
15 20 760
498 803 857
891 896 628
442 437 850
154 152 76
695 700 587
909 531 674
1 809 387
636 632 119
649 653 521
300 299 864
340 345 255
376 372 670
616 619 271
849 848 547
242 352 206
944 939 214
566 680 106
641 216 751
152 105 839
200 975 143
81 82 185
477 485 128
206 204 228
45 40 66
857 587 379
942 488 8
472 476 848
491 98 471
615 674 28
377 376 350
323 318 495
870 868 228
881 686 218
125 938 493
715 720 866
616 611 167
165 276 885
966 961 789
319 7 508
301 407 132
260 256 778
22 101 688
607 605 225
540 544 294
554 552 258
346 729 174
223 953 745
890 771 535
799 802 463
240 242 751
47 401 918
640 554 568
448 447 774
61 58 472
198 201 554
122 979 789
299 686 906
479 475 609
415 311 576
585 584 332
930 540 883
860 862 990
282 92 625
713 718 681
913 131 632
63 59 748
818 822 195
243 241 745
131 568 706
315 317 613
671 668 873
177 182 321
378 836 763
700 704 868
114 111 506
37 42 661
896 901 307
683 684 653
27 11 80
470 347 890
286 310 771
749 780 372
525 529 969
281 276 517
609 607 823
764 602 539
396 169 395
779 68 787
619 624 463
820 30 855
892 890 680
934 930 745
416 419 894
681 678 248
180 183 466
471 460 106
230 233 547
278 274 605
527 524 683
943 243 932
399 26 361
504 500 724
724 479 686
903 908 452
972 973 165
408 357 900
400 996 784
222 826 616
41 774 382
61 355 192
627 630 454
191 188 656
398 394 230
455 457 349
47 45 117
263 268 557
990 985 678
737 384 882
940 938 195
495 491 767
947 600 716
313 54 897
238 891 515
298 301 737
945 906 203
210 207 636
481 223 233
834 572 555
547 546 393
170 165 131
770 775 224
373 371 321
757 759 786
191 192 202
736 95 906
45 46 88
152 157 634
168 171 22
990 992 169
792 787 967
288 286 59
977 974 681
578 575 934
673 106 572
229 387 132
925 974 528
255 257 654
181 186 151
552 555 551
961 39 970
151 147 979
458 454 834
707 710 706
643 738 116
688 693 664
100 820 130
474 471 160
691 686 758
392 428 24
776 773 395
156 160 153
812 291 885
320 322 245
368 366 127
515 513 237
546 543 930
470 471 167
901 251 656
870 364 954
483 480 431
722 721 502
732 741 134
134 105 961
331 707 726
834 835 785
117 423 693
81 494 492
981 210 572
237 232 520
901 906 512
200 196 371
749 752 614
935 661 829
924 60 352
890 138 447
385 983 459
458 459 845
350 349 282
86 81 557
670 666 731
183 617 804
513 510 61
326 322 85
575 571 918
236 239 594
311 312 121
627 624 459
218 220 716
307 592 335
370 368 684
164 160 406
935 461 969
833 354 661
907 909 8
620 359 941
629 490 843
417 958 98
869 568 685
289 286 530
831 817 470
489 959 525
796 448 531
96 602 402
895 898 529
337 380 104
887 407 418
134 130 958
205 964 402
897 726 3
364 379 804
981 977 323
340 338 411
117 636 724
69 74 417
89 851 994
584 582 975
20 617 592
584 467 18
878 883 337
925 921 524
320 970 589
80 83 853
672 673 927
478 475 354
214 218 511
825 447 308
116 111 605
399 395 935
226 222 173
405 400 270
64 62 765
55 786 555
333 335 639
541 537 418
568 564 7
651 742 766
898 275 387
465 534 931
561 387 812
102 97 487
21 802 615
331 326 246
543 548 324
284 280 333
360 307 888
363 366 718
418 422 987
380 280 730
587 588 11
919 914 624
600 602 399
97 519 315
388 217 476
180 160 999
401 403 156
166 164 690
93 95 748
624 626 14
107 82 533
730 725 325
384 386 987
521 82 699
655 253 165
673 360 951
333 168 436
813 184 269
863 866 673
949 902 213
457 6 170
276 273 823
421 424 372
507 502 685
62 18 507
245 566 36
94 99 482
738 741 449
879 40 792
178 135 620
186 187 241
618 611 206
908 913 85
95 895 57
577 576 902
613 617 851
504 497 396
426 425 116
582 687 542
412 413 940
511 514 963
115 529 29
740 743 237
142 139 444
787 381 181
365 15 167
734 738 962
939 139 819
968 969 952
968 963 410
117 119 423
371 374 974
140 138 636
831 893 134
440 435 636
881 880 199
305 71 187
290 356 148
414 772 176
264 263 713
696 701 699
301 306 68
975 362 739
571 848 736
674 669 708
505 501 989
440 878 173
573 813 277
779 782 731
668 667 780
621 612 773
209 483 721
406 838 643
308 66 453
917 916 352
1000 790 336
606 611 330
110 905 532
127 228 296
709 282 951
454 449 906
310 543 283
649 644 273
439 147 562
436 433 583
418 415 774
113 484 751
410 407 788
994 993 698
151 801 350
758 757 54
124 121 795
116 385 570
721 723 512
236 354 718
727 731 411
423 425 744
173 176 121
176 179 683
122 121 63
763 758 490
397 394 826
636 879 292
48 52 279
118 133 318
804 248 889
419 51 649
976 974 324
440 441 74
937 343 943
82 2 299
969 637 318
101 621 431
409 404 667
14 12 371
629 625 900
719 724 269
262 258 756
416 411 358
70 75 314
552 553 983
935 328 253
717 903 280
80 79 984
660 245 576
263 728 104
951 509 246
986 727 519
526 528 366
986 382 56
498 126 644
154 624 967
490 492 721
349 352 689
750 121 604
850 853 946
958 677 801
581 534 495
138 210 227
112 113 561
699 703 782
600 127 496
298 299 304
477 473 297
911 914 271
646 650 888
116 118 458
636 639 44
938 482 204
765 764 318
666 92 110
790 258 734
668 510 895
719 718 423
754 193 632
880 885 698
402 928 823
37 36 338
719 3 811
439 636 782
430 180 288
751 970 95
347 980 475
977 698 519
475 843 536
56 52 154
302 307 930
363 510 852
484 255 507
908 910 30
271 831 996
212 517 358
78 77 757
389 882 94
43 496 625
369 43 814
557 285 919
571 567 244
315 318 321
919 175 927
505 217 27
282 444 124
109 105 393
349 347 840
180 527 112
557 678 64
852 850 416
114 336 988
813 808 207
821 816 273
445 175 357
82 1 635
355 353 84
638 555 127
199 202 202
659 224 836
606 86 346
398 402 334
647 645 546
605 632 713
6 625 6
789 472 701
883 869 615
774 669 119
667 665 194
315 316 743
429 801 472
572 571 631
264 266 655
903 861 782
142 143 894
784 143 124
342 429 502
48 815 637
713 710 646
478 836 810
212 208 229
943 940 208
155 592 559
487 486 212
449 450 31
517 519 436
808 807 177
186 124 782
5 1 793
206 211 433
720 721 51
206 208 359
532 535 863
393 395 771
41 44 816
893 897 531
551 548 331
334 883 713
785 789 208
888 466 968
135 139 162
322 327 350
18 19 92
235 240 156
10 575 572
741 742 486
276 279 107
122 648 536
347 338 603
137 135 259
777 186 826
888 39 242
810 811 937
85 431 140
749 751 743
925 773 961
988 986 234
687 686 422
321 651 355
560 561 432
454 222 538
445 241 667
296 253 15
572 131 579
767 162 390
671 446 73
875 791 911
817 819 206
786 784 741
73 768 4
613 612 878
827 823 697
966 14 59
552 163 78
704 187 64
819 385 324
422 538 379
569 567 554
269 611 104
597 594 800
838 841 442
643 767 752
800 320 47
965 897 396
421 931 943
331 332 184
303 304 424
677 510 506
507 509 289
669 667 344
727 725 588
678 682 222
665 868 309
335 692 434
536 944 120
539 538 452
114 117 68
106 102 177
190 187 57
510 506 267
462 467 976
590 971 382
829 826 866
277 272 243
363 358 327
399 2 963
395 396 286
951 429 434
947 126 33
434 429 714
664 116 950
89 996 952
235 233 873
277 280 133
573 570 847
691 328 311
317 321 692
661 656 41
503 741 420
854 295 42
735 740 696
777 772 935
17 18 462
50 55 819
68 65 956
794 798 480
653 656 796
449 448 439
80 84 48
280 924 145
310 307 903
60 626 294
337 341 82
965 967 261
458 743 150
177 181 516
586 408 196
924 928 574
520 683 591
115 706 747
541 738 429
48 49 189
658 657 870
231 234 412
814 707 625
664 660 782
893 47 27
537 750 175
999 994 434
841 715 816
444 153 353
123 118 679
390 287 695
62 60 552
871 876 286
766 770 149
854 71 583
699 621 962
392 394 740
355 358 217
29 946 855
261 259 390
304 396 407
542 755 448
892 893 511
834 831 155
552 494 936
275 168 688
300 305 784
958 565 542
336 333 315
476 482 739
415 876 523
820 816 580
795 756 81
655 651 999
525 346 426
463 460 277
856 859 433
746 749 190
518 516 73
956 951 816
950 949 256
887 685 135
397 266 584
986 984 412
488 491 44
132 135 830
433 386 283
416 421 1
987 991 487
86 50 118
919 923 831
634 638 163
289 136 82
692 402 805
500 26 436
434 738 400
23 465 431
275 270 621
597 919 596
672 669 554
750 745 939
828 832 934
188 664 147
964 965 769
709 110 684
390 673 596
38 37 628
24 26 51
340 344 72
887 886 556
300 303 598
265 267 811
280 230 532
668 299 395
846 847 233
32 30 616
173 43 591
796 791 386
101 444 258
248 958 997
962 961 58
607 8 821
741 744 488
517 682 817
816 194 962
77 76 502
129 870 367
800 796 704
463 211 453
28 25 15
836 840 156
731 484 542
60 55 344
382 387 549
595 498 133
812 816 775
848 850 185
132 129 276
694 20 416
371 583 702
378 387 967
535 537 53
592 593 216
277 61 419
864 868 634
178 21 790
686 682 517
335 580 677
476 481 471
307 311 434
599 603 817
562 762 804
982 979 420
916 963 64
146 150 442
248 291 74
581 194 346
942 940 411
296 749 14
681 34 928
226 936 619
346 343 567
820 218 121
468 472 234
187 188 201
388 212 49
844 846 720
629 86 855
429 432 787
948 946 613
347 343 291
150 789 748
378 379 327
264 221 318
193 818 176
290 293 731
451 453 315
602 126 49
337 430 886
194 117 106
626 521 525
249 372 602
535 536 80
447 438 117
771 276 984
645 643 453
494 803 411
623 783 310
25 24 542
337 145 456
684 689 205
308 313 282
673 206 134
837 627 477
585 586 217
773 774 701
864 867 452
860 855 616
518 786 100
564 697 782
787 786 304
68 376 590
318 725 640
984 390 299
315 40 251
818 94 903
287 421 358
425 726 126
225 12 383
359 364 462
219 173 650
31 28 56
232 957 869
791 789 412
40 676 979
903 682 157
410 414 341
945 296 117
446 699 399
443 447 712
189 551 194
304 15 110
311 310 767
869 874 573
140 121 834
397 147 354
846 511 109
693 698 186
251 383 492
122 865 656
861 860 387
427 430 777
960 961 255
790 785 929
46 48 91
125 328 22
634 376 933
456 452 948
616 910 837
879 763 177
592 339 767
302 378 622
473 471 408
376 380 803
435 434 920
687 688 357
556 561 964
278 139 319
658 660 425
952 957 121
567 565 537
501 416 408
229 225 44
588 779 934
810 185 514
180 659 741
383 897 217
401 80 481
584 580 598
612 294 481
660 131 805
288 292 401
524 526 306
370 371 975
602 555 849
258 255 547
85 90 346
951 949 593
575 576 538
796 737 842
133 130 485
103 102 265
138 352 816
741 745 263
576 995 815
434 228 928
446 823 432
9 391 957
925 545 413
954 66 392
502 904 602
632 255 187
351 654 223
724 941 323
875 893 221
76 406 355
488 489 294
555 595 851
864 859 906
10 8 961
98 463 598
408 411 934
691 695 474
2 7 975
755 754 915
215 210 857
780 781 944
415 412 839
365 557 749
413 321 411
239 381 431
445 444 679
785 578 957
389 386 944
892 355 333
828 825 755
35 655 325
596 594 143
756 751 751
496 499 172
900 668 166
562 561 94
496 362 534
379 913 378
620 615 290
301 835 529
402 407 912
285 916 901
893 363 283
76 71 410
597 598 147
901 902 158
781 763 16
768 763 884
948 583 591
999 958 55
877 872 923
22 23 382
949 953 203
611 461 339
571 756 491
729 488 751
209 214 583
167 164 688
931 933 125
296 291 327
164 587 972
167 346 168
824 149 374
882 880 679
426 429 126
128 123 63
949 945 46
735 737 182
592 588 604
985 983 761
269 265 273
732 735 356
207 203 448
75 565 803
271 270 446
41 37 654
70 763 513
381 872 739
680 677 853
642 637 1
967 862 836
154 158 483
358 361 778
523 521 556
458 460 71
896 623 426
620 625 812
826 154 957
924 919 796
854 851 969
521 524 750
483 438 995
229 439 381
134 412 715
335 142 761
211 234 406
398 401 766
120 116 839
58 57 733
565 566 963
513 383 395
591 589 599
449 195 710
328 325 326
93 859 260
59 435 18
596 601 953
387 203 804
349 386 42
165 925 244
270 473 595
952 919 594
697 469 894
250 428 956
470 139 683
604 559 549
773 683 510
70 355 646
615 7 323
734 216 497
872 867 792
993 997 772
179 184 205
27 24 161
296 187 798
865 860 317
183 829 164
814 811 752
205 535 719
30 29 774
302 300 147
894 889 569
802 360 688
89 87 484
334 332 500
571 588 916
48 720 937
456 888 415
94 506 928
159 130 61
247 244 113
840 155 280
185 347 364
404 403 21
213 209 521
587 109 861
957 325 440
22 391 245
404 406 861
970 971 853
449 451 690
857 858 241
918 795 958
141 138 48
67 432 775
161 157 523
475 791 973
104 108 224
716 662 465
949 927 955
355 356 594
938 935 409
529 328 174
290 291 953
516 517 59
981 61 817
903 898 344
574 598 470
15 955 39
542 873 761
602 604 401
841 842 899
205 308 356
915 910 106
85 964 859
348 343 691
15 13 748
810 807 778
850 855 56
897 899 576
799 675 859
128 406 21
250 248 100
304 32 353
238 264 260
956 181 376
910 18 547
448 452 835
886 889 543
774 309 202
699 697 904
621 623 317
22 18 244
674 675 414
299 473 543
799 268 483
925 605 982
15 993 564
484 535 779
306 446 516
85 84 193
594 593 359
595 412 752
43 39 947
431 429 875
714 948 262
714 710 639
431 433 941
727 515 625
582 577 505
905 859 422
868 765 947
333 866 725
269 819 617
122 127 354
540 539 597
95 634 781
457 618 601
184 301 11
208 967 942
44 574 839
410 412 882
274 272 238
780 778 693
258 263 313
322 522 385
574 290 791
773 778 341
732 731 750
581 576 376
716 573 666
130 327 869
888 435 215
498 612 287
246 243 403
160 818 818
670 674 874
174 178 496
825 486 318
690 692 103
770 617 605
640 644 758
608 374 405
735 736 833
787 788 111
564 874 19
648 903 775
199 204 272
543 154 432
946 297 996
738 490 918
438 586 359
918 726 143
466 470 371
94 96 293
413 492 35
683 404 757
98 95 619
124 320 311
481 482 502
664 63 660
586 237 747
181 737 893
757 756 823
87 88 801
591 400 652
561 565 728
681 324 583
78 389 694
103 530 688
935 264 714
141 327 580
778 265 752
909 232 738
659 249 617
477 480 192
442 35 580
618 615 915
495 757 940
181 650 71
861 521 989
435 700 589
256 394 788
870 539 245
749 471 55
796 768 395
116 611 313
319 580 755
765 719 772
974 971 58
671 700 364
589 76 445
910 232 953
573 574 76
826 830 829
949 383 114
94 97 949
270 266 148
628 537 355
119 738 508
792 758 846
519 521 272
366 389 666
764 767 431
833 863 852
870 186 494
776 831 768
807 809 29
447 60 895
697 694 106
903 651 857
95 449 32
608 612 150
878 819 631
711 405 434
731 734 507
214 317 640
781 824 226
547 549 454
459 461 860
572 945 939
518 520 433
842 796 54
324 329 132
47 50 512
136 134 666
383 331 314
472 723 486
610 256 746
660 594 2
949 501 234
686 878 113
943 760 434
448 28 598
39 37 554
356 169 811
595 599 308
394 851 840
723 337 735
350 351 154
475 56 23
50 546 280
26 216 14
937 939 900
712 716 814
704 707 29
646 295 647
869 873 430
395 867 703
360 359 849
544 469 843
599 357 773
219 954 302
386 388 64
123 126 796
614 613 786
922 918 300
685 680 1
932 819 505
377 887 358
385 958 875
804 802 385
991 65 624
732 426 825
823 824 518
870 50 434
219 915 996
535 832 651
168 164 262
706 705 120
565 477 443
805 676 602
169 166 269
871 868 150
578 726 759
865 794 622
390 545 681
172 175 382
338 599 927
429 495 87
763 865 407
152 150 301
658 816 470
617 317 46
136 723 959
498 495 403
645 646 267
337 332 189
268 272 201
759 760 276
751 985 604
201 205 436
34 525 974
508 630 810
385 390 300
147 184 919
344 816 931
664 665 925
493 491 67
728 519 810
797 697 620
189 871 155
726 606 866
184 189 469
250 253 89
200 71 680
752 754 459
817 165 55
697 253 278
318 629 87
359 355 359
218 995 771
537 542 2
635 629 697
547 710 12
456 347 493
379 205 833
176 180 451
285 374 728
929 927 119
370 372 659
702 705 842
295 290 81
411 912 241
294 291 925
963 958 826
550 964 491
995 356 60
5 332 601
899 894 582
791 834 213
19 514 887
498 394 730
498 502 692
665 725 466
865 869 785
634 633 582
136 138 892
134 153 688
301 175 802
823 826 969
806 803 499
21 825 976
916 915 925
493 3 356
6 154 907
614 660 406
249 251 418
261 821 331
68 70 447
883 888 107
283 279 703
494 489 333
769 851 236
926 925 612
250 582 103
974 979 269
701 702 286
74 826 199
57 53 45
602 605 757
993 990 163
320 117 968
614 738 42
583 590 5
113 195 408
893 128 920
444 64 640
220 977 626
686 690 819
555 830 499
591 414 387
165 162 352
392 390 376
513 266 734
958 66 173
708 709 85
713 717 290
960 955 897
557 556 111
13 10 502
95 622 399
918 920 946
653 127 259
278 436 224
792 52 811
95 343 487
972 495 733
756 146 775
385 384 888
35 552 159
680 565 558
559 563 366
365 882 42
32 34 57
733 728 700
477 992 173
649 652 733
894 382 705
85 999 242
745 748 386
292 697 841
295 908 870
881 886 795
242 340 775
408 403 807
312 279 656
636 637 457
200 765 219
66 61 749
815 813 487
239 732 239
326 575 632
978 983 130
51 390 739
466 960 868
111 398 825
591 877 656
846 848 566
284 287 159
998 995 894
461 464 15
904 901 891
110 112 653
893 985 343
268 752 518
856 854 227
263 114 171
144 340 469
292 869 271
860 863 815
451 633 685
74 310 774
297 294 376
617 299 62
118 193 841
417 420 764
68 73 653
884 883 250
895 900 94
621 331 450
634 982 787
844 558 648
100 95 392
223 227 873
809 284 376
365 360 400
99 104 396
789 794 420
353 351 906
911 74 937
121 724 136
125 222 252
348 717 298
158 163 848
880 96 911
339 343 486
391 386 778
833 836 404
678 674 501
912 226 729
476 604 765
752 434 259
805 801 999
80 81 120
869 909 529
149 146 647
423 420 348
493 452 112
94 611 881
771 475 634
580 576 232
839 836 819
606 815 763
933 83 344
474 475 487
383 42 519
834 12 647
820 92 827
252 250 769
255 251 660
894 315 835
8 317 329
494 279 976
262 46 246
411 490 817
206 100 542
675 679 746
102 105 902
11 408 211
506 682 722
796 862 963
84 343 573
487 490 833
6 34 327
749 770 879
517 364 332
163 381 672
437 436 789
239 241 469
926 930 825
362 360 665
720 725 149
427 426 802
62 67 867
678 683 851
309 314 676
143 97 642
105 107 920
844 841 365
265 261 878
728 724 642
659 656 739
551 427 488
230 226 790
483 484 512
546 887 505
851 6 277
511 428 60
484 570 916
506 568 650
245 693 414
586 587 643
409 67 272
245 248 161
930 311 900
22 594 718
988 204 904
677 672 298
160 670 785
512 511 134
249 244 866
314 207 894
24 19 795
911 908 682
529 822 846
380 383 10
833 909 625
909 912 350
771 772 251
840 243 632
402 475 635
7 12 969
86 87 386
943 185 351
893 994 685
980 762 603
327 514 216
821 823 62
623 754 117
228 232 924
163 929 288
523 525 778
603 608 345
979 984 140
51 48 809
506 511 702
897 137 673
197 1000 136
786 644 80
589 585 890
792 797 889
967 970 635
743 746 84
610 608 690
381 205 914
899 445 520
230 435 381
815 818 730
463 421 318
12 17 922
533 531 20
841 976 625
572 524 504
521 522 725
411 251 456
226 228 765
234 236 843
891 71 240
553 588 487
543 51 652
267 254 788
935 930 477
110 105 549
381 376 268
386 865 689
753 749 951
209 208 42
878 539 6
189 193 683
633 631 932
36 562 307
670 574 45
65 902 812
495 366 99
791 811 454
362 436 952
593 595 590
943 947 616
426 114 291
256 259 27
228 231 541
508 507 156
851 850 48
290 289 368
842 845 556
971 408 847
769 764 435
651 600 862
446 442 845
879 482 519
28 871 522
130 603 107
749 655 130
66 116 93
666 29 641
439 434 127
614 265 750
224 510 443
940 941 312
771 766 441
628 627 222
750 860 624
935 927 654
211 914 905
391 143 162
23 751 884
378 109 744
980 979 797
242 86 715
665 8 634
584 974 474
993 996 15
641 636 282
502 503 297
466 463 327
452 648 196
822 186 954
708 704 202
839 639 712
20 970 45
173 172 130
532 529 994
529 531 315
41 546 547
907 902 112
936 932 315
671 589 818
223 222 1000
202 203 795
318 320 147
333 244 445
195 609 271
998 362 66
535 884 677
570 569 222
357 356 580
452 180 97
238 721 115
87 92 77
982 987 298
285 284 245
571 343 642
298 296 672
165 538 204
280 282 185
536 538 313
308 283 746
835 359 40
426 428 374
165 428 324
771 773 834
928 931 692
291 259 239
198 199 834
334 850 888
190 655 900
152 153 936
233 853 394
384 379 737
140 144 489
193 195 705
444 443 332
945 940 583
367 362 229
216 211 448
564 566 905
469 465 283
654 651 128
324 321 806
430 548 508
692 694 750
615 612 616
464 468 892
254 251 946
271 485 582
123 80 523
869 218 970
875 878 170
70 864 563
891 888 974
286 283 218
959 954 981
388 198 694
964 959 628
5 131 550
144 142 456
106 262 326
681 187 362
563 810 993
622 620 98
115 114 867
438 781 77
37 40 10
402 232 400
271 27 542
373 375 854
193 196 253
124 511 932
274 420 208
145 142 100
405 849 427
171 536 862
347 516 349
478 451 354
945 483 674
105 591 276
184 185 852
419 6 893
196 198 701
99 155 134
149 639 60
615 710 966
972 970 396
696 978 20
546 655 182
161 162 216
36 690 390
434 438 241
616 621 418
989 502 926
167 421 50
612 503 697
221 63 479
191 194 707
598 151 179
684 487 723
875 917 312
344 128 757
756 761 527
630 766 387
493 497 549
785 781 480
249 929 790
440 353 302
198 359 882
155 156 513
606 130 383
972 975 1000
114 840 458
711 715 674
461 225 885
261 875 345
239 15 403
6 11 324
503 506 776
91 90 792
799 794 234
640 635 881
173 158 242
131 129 542
548 552 811
707 398 318
501 499 665
696 691 575
831 844 901
72 70 805
559 904 990
788 306 634
696 743 676
152 921 547
130 128 440
290 200 812
742 411 694
213 217 773
378 734 684
901 905 517
709 946 60
981 579 908
350 354 526
220 225 633
397 878 628
815 556 790
917 941 645
557 945 140
969 1000 153
46 793 47
70 952 648
59 949 799
268 273 834
179 152 735
706 711 468
54 333 778
550 548 55
687 439 578
471 387 714
755 304 927
556 559 403
806 431 468
496 495 363
525 289 265
647 651 967
932 929 454
766 765 160
729 724 577
63 65 404
803 220 463
541 543 984
835 800 672
416 30 644
958 955 441
921 917 477
29 25 687
140 849 619
488 485 563
576 201 923
914 918 35
779 512 230
148 143 690
835 307 430
783 782 439
738 443 507
453 60 430
69 68 743
633 291 369
412 31 75
97 577 286
893 895 302
214 303 620
663 658 653
315 311 955
309 305 196
71 533 631
404 560 68
465 904 215
172 171 371
3 2 870
722 726 703
298 22 668
951 955 174
560 967 47
256 251 355
473 831 978
885 950 371
978 976 280
219 215 270
499 841 934
486 482 577
455 224 949
838 833 50
137 411 990
492 102 187
263 479 826
35 30 377
837 833 354
824 634 120
289 144 31
833 829 220
426 627 754
958 39 833
220 532 229
863 378 164
798 803 589
442 443 260
209 963 221
940 727 969
379 382 487
656 506 759
308 304 502
558 553 234
879 957 703
632 630 871
529 955 777
33 987 888
643 648 867
499 500 125
145 621 226
627 631 454
831 827 519
494 51 851
579 583 749
247 311 819
821 825 355
221 224 646
97 993 215
556 554 844
317 319 185
346 263 523
543 545 58
175 196 322
519 376 216
989 988 219
398 931 705
416 548 793
483 485 614
954 520 149
821 405 534
817 815 987
79 78 999
109 111 560
146 142 730
3 4 284
738 294 493
157 159 723
369 366 939
243 144 659
660 685 826
949 954 727
330 326 6
124 129 932
46 51 830
740 969 944
788 793 797
760 762 260
16 12 947
58 59 858
702 184 651
955 670 431
636 127 855
591 3 399
120 125 584
54 493 913
53 452 613
760 608 661
389 557 272
172 174 69
500 300 104
782 784 944
212 58 230
530 529 641
54 53 826
141 934 695
228 550 410
8 5 913
388 393 502
739 738 315
562 564 275
778 630 95
756 19 624
878 474 785
659 662 474
764 760 396
542 43 300
774 779 789
531 11 9
52 53 524
661 87 347
101 248 336
669 572 372
801 797 779
606 604 778
33 32 842
342 109 235
606 206 839
925 927 480
101 523 426
745 747 603
381 529 950
93 89 435
478 273 670
238 234 294
558 560 205
240 245 521
342 337 881
633 635 957
507 711 491
545 335 260
464 465 379
587 590 463
596 192 38
838 731 640
604 712 591
948 376 106
98 101 226
240 244 466
155 154 967
639 643 907
300 230 116
576 579 533
577 53 130
115 480 758
32 36 747
626 56 882
325 324 54
415 417 872
897 219 785
674 676 673
990 995 13
338 334 72
101 247 69
875 872 777
29 357 525
147 145 713
674 694 102
516 512 504
448 231 95
711 712 69
403 198 365
534 529 111
993 883 935
330 333 41
7 9 64
932 937 190
790 795 354
42 464 989
3 6 479
771 124 806
657 655 429
378 374 146
314 423 776
595 884 889
995 1000 168
807 802 525
920 328 858
462 457 601
197 192 480
954 326 738
879 880 778
221 220 205
677 626 186
81 463 774
554 319 118
921 275 194
812 808 272
20 21 437
2 1 895
222 221 653
60 347 1000
943 579 497
641 174 3
863 733 37
842 843 914
856 514 198
515 816 407
547 714 855
666 665 509
780 832 35
485 977 577
177 173 175
879 875 612