1000 2000 10
0
0
0
0
0
0
0
0
0
0
0
0
0
0
0
0
0
0
0
0
0
0
0
0
0
0
0
0
0
0
0
0
0
0
0
0
0
0
0
0
0
0
0
0
0
0
0
0
0
0
0
0
0
0
0
0
0
0
0
0
0
0
0
1 7
0
0
0
0
0
0
0
0
0
0
0
0
0
0
0
0
0
0
0
0
0
0
0
0
0
0
0
0
0
0
0
0
0
0
0
0
0
0
0
0
0
0
0
0
0
0
0
0
0
0
0
0
0
0
0
0
0
0
0
0
0
0
0
0
0
0
0
0
0
0
0
0
0
0
0
0
0
0
0
0
0
0
0
0
0
0
0
0
0
0
0
0
0
0
0
0
0
0
0
0
0
0
0
0
0
0
0
0
0
0
1 3
0
0
0
0
0
0
0
0
0
0
0
0
0
0
0
0
0
0
0
0
0
0
0
0
0
0
0
0
0
0
0
0
0
0
0
0
0
0
0
0
0
0
0
0
0
0
0
0
0
0
0
0
0
0
0
0
0
0
0
0
0
0
0
0
0
0
0
0
0
0
0
0
0
0
0
0
0
0
0
0
0
0
0
0
0
0
0
0
0
0
0
0
0
0
0
0
0
0
0
0
0
0
0
0
0
0
0
0
0
0
0
0
0
0
0
0
0
0
0
0
0
0
0
0
0
0
0
0
0
0
0
0
0
0
0
0
0
0
0
0
0
0
0
0
0
0
0
0
0
0
0
0
0
0
0
0
0
0
0
0
0
0
0
0
0
0
0
0
0
0
0
0
0
0
0
0
0
0
0
0
0
0
0
0
0
0
0
0
0
0
0
0
0
0
0
0
0
0
0
0
0
0
0
0
0
0
0
0
0
0
0
0
0
0
0
0
0
0
0
0
0
0
0
0
0
0
0
0
0
0
0
0
0
0
0
0
0
0
0
0
0
0
0
0
0
0
0
0
0
0
0
0
0
0
0
0
0
0
0
0
0
0
0
0
0
0
0
0
0
0
0
0
0
0
0
0
0
0
0
0
0
0
0
0
0
0
0
0
0
0
0
0
0
0
0
0
0
0
0
0
0
0
0
0
0
0
0
0
0
0
0
0
0
0
0
0
0
0
0
0
0
0
0
0
0
0
0
0
0
0
0
0
0
0
0
0
0
0
0
0
0
0
1 8
0
0
0
0
0
0
0
0
0
0
0
0
0
0
0
0
0
0
0
0
0
0
0
0
0
0
0
0
0
0
0
0
0
0
1 10
0
0
0
0
0
0
0
0
0
0
0
0
0
0
0
0
0
0
0
0
0
0
0
0
0
0
0
0
0
0
0
0
0
0
0
0
0
0
0
0
0
0
0
0
0
0
0
0
0
0
0
0
0
0
0
0
0
0
0
0
0
0
0
0
0
0
0
0
0
0
0
0
0
0
0
0
0
0
0
0
0
0
0
0
0
0
0
0
1 4
0
0
0
0
0
0
0
0
0
0
0
0
0
0
0
0
0
0
0
0
0
0
0
0
0
0
0
0
0
0
0
0
0
0
0
0
0
0
0
0
0
0
0
0
0
0
0
0
0
0
0
0
0
0
0
0
0
0
0
0
0
0
0
0
0
0
0
0
0
0
0
0
0
0
0
0
0
0
0
0
0
0
0
0
0
0
0
0
0
0
0
0
0
0
0
0
0
0
0
0
0
0
0
0
0
0
0
0
0
0
0
0
0
0
0
0
0
0
0
0
0
0
0
0
1 1
0
0
0
0
0
0
0
0
0
0
0
0
0
0
0
0
0
0
0
0
0
0
0
0
0
0
0
1 9
0
0
0
0
0
0
0
0
0
0
0
0
0
0
0
0
1 5
0
0
0
0
0
0
0
0
0
0
0
0
0
0
0
0
0
0
0
0
0
0
0
0
0
0
0
0
0
0
0
0
0
0
0
0
0
0
0
0
0
0
0
0
0
0
0
0
0
0
0
0
0
0
0
0
0
0
0
0
0
0
0
0
0
0
0
0
0
0
0
0
0
0
0
0
0
0
0
0
0
0
0
0
0
0
0
0
0
0
0
0
0
0
0
0
0
0
0
0
0
0
0
0
0
0
0
0
0
0
0
0
0
0
0
0
0
0
0
0
1 6
0
0
0
0
0
0
0
0
0
0
0
0
0
0
0
0
0
0
0
0
0
0
0
0
0
0
0
0
0
0
1 2
0
0
0
0
0
0
0
0
0
0
0
0
0
0
0
0
0
0
0
0
0
0
0
0
0
0
0
0
0
0
0
0
0
0
0
0
779 778 438
573 849 361
419 417 827
902 903 490
987 884 255
456 455 824
149 147 929
731 761 617
821 823 531
297 299 207
759 760 540
433 708 453
64 63 822
181 183 993
70 914 209
108 106 705
428 256 614
175 862 183
618 619 81
478 257 220
797 796 320
180 242 348
756 346 480
413 414 927
344 342 758
641 640 795
41 43 230
82 236 960
503 573 908
778 777 837
774 772 686
875 428 983
145 346 524
800 802 449
111 220 729
215 214 541
10 584 492
722 720 705
121 123 653
836 838 318
354 291 825
287 285 697
727 870 658
774 492 938
683 685 425
953 97 224
96 97 948
578 906 793
457 662 70
433 432 13
101 100 188
663 272 161
554 556 747
337 711 250
231 614 677
920 823 345
959 639 305
584 585 635
863 861 160
965 723 486
492 490 993
243 684 800
539 537 893
72 155 959
965 807 337
460 461 261
847 693 466
877 758 683
806 807 959
372 398 222
702 700 169
773 771 26
915 916 627
828 829 54
487 489 17
590 588 387
798 796 411
195 196 365
640 642 108
15 17 120
113 111 251
918 7 104
546 545 137
304 424 34
652 235 219
462 531 294
174 173 768
975 973 42
495 497 354
26 523 394
699 697 683
307 900 347
758 930 693
796 356 467
661 659 519
175 244 67
333 479 33
961 963 240
471 470 270
831 829 426
646 645 315
354 355 30
882 881 367
442 779 991
463 461 250
777 926 362
165 166 589
281 355 787
59 60 283
782 887 960
562 561 758
852 851 177
334 335 957
206 208 813
787 928 429
670 671 219
274 273 456
154 153 197
88 89 521
536 411 537
672 232 756
701 702 290
776 565 525
149 120 597
37 38 922
513 436 569
535 977 487
353 352 29
47 156 884
455 457 773
165 858 700
598 212 982
601 603 927
941 300 809
884 883 497
562 177 176
145 144 965
399 401 126
538 262 546
73 74 733
48 673 239
448 450 750
923 922 841
272 273 126
132 972 244
103 37 417
565 563 167
486 485 688
394 248 837
94 696 93
9 961 537
405 667 497
15 13 117
423 424 412
329 766 827
531 529 796
177 447 205
618 620 158
72 578 609
30 991 612
787 788 77
229 389 632
544 542 44
224 223 666
948 949 959
370 372 12
429 427 223
970 968 815
717 716 233
882 883 54
148 295 476
357 358 235
2 272 951
764 874 574
365 367 424
471 472 384
769 768 378
80 79 27
266 264 920
483 481 663
150 764 188
646 734 614
904 903 661
307 541 385
190 191 858
726 50 855
521 523 110
80 82 717
123 602 194
989 991 123
85 83 732
250 733 957
344 602 393
79 81 73
621 764 210
83 698 790
652 698 811
347 558 193
554 555 376
337 974 711
266 627 559
184 419 922
795 370 756
73 269 349
526 305 12
713 314 605
802 288 269
871 502 34
728 726 182
579 578 802
557 555 247
453 452 217
292 291 54
946 945 166
756 490 463
504 860 19
351 349 58
403 402 413
326 328 32
424 425 904
782 192 775
186 63 810
586 420 347
541 543 175
423 422 259
734 79 923
503 268 281
542 458 461
761 762 733
928 926 960
664 76 745
922 924 528
808 807 339
118 913 791
286 285 402
348 886 298
464 465 418
363 365 642
897 793 930
101 815 479
618 830 83
162 817 754
875 877 608
296 297 432
58 57 116
826 824 1000
630 500 99
426 474 190
715 584 447
197 199 191
325 326 629
142 279 950
534 41 699
486 488 675
631 632 53
429 9 264
144 162 517
784 776 733
349 350 622
950 949 458
482 484 685
843 844 807
255 565 78
347 349 950
209 207 734
109 107 854
981 979 630
653 655 778
555 757 36
403 859 77
935 848 266
792 794 492
541 930 790
674 675 518
569 996 67
425 809 833
72 70 945
564 566 849
550 347 75
371 370 892
317 318 763
505 504 971
860 858 905
330 9 188
577 578 4
912 914 811
202 200 1
693 691 490
254 84 777
118 116 935
302 304 526
321 323 398
417 527 598
428 427 668
39 65 693
151 153 530
905 904 643
675 693 911
687 685 239
384 383 667
938 940 541
925 924 809
367 369 746
315 458 181
547 546 817
962 961 457
78 426 732
643 774 775
262 832 700
616 617 414
707 705 496
249 251 172
793 827 769
524 132 827
203 996 992
843 231 410
674 672 490
817 721 870
323 324 119
860 485 658
824 524 769
460 459 646
688 687 455
549 548 216
738 740 82
750 749 363
226 225 98
87 189 949
92 91 524
60 833 842
724 471 724
140 606 503
630 631 960
496 498 700
26 24 886
550 552 891
688 2 688
680 263 827
836 835 498
682 684 518
306 305 429
695 259 660
782 784 640
471 474 502
332 29 160
606 607 364
957 959 133
31 33 989
720 795 58
30 31 218
331 472 786
773 769 97
359 370 571
168 166 824
536 535 897
170 168 833
156 134 586
868 545 171
504 921 283
54 55 633
203 201 23
239 240 221
326 327 361
430 431 29
301 62 889
410 761 26
835 905 624
18 17 995
364 366 184
86 87 351
104 989 717
162 233 78
521 54 701
768 767 61
863 865 761
90 89 865
530 532 994
2 4 390
734 473 337
380 783 202
509 511 822
686 938 461
446 445 672
66 68 175
200 717 287
704 702 669
279 280 185
562 425 259
527 529 148
932 931 927
413 699 770
834 927 697
405 403 64
905 115 661
554 811 317
75 277 651
634 720 87
793 393 295
872 874 412
189 188 618
99 333 444
787 172 960
129 479 505
436 437 365
663 664 979
752 537 586
435 40 905
566 532 54
446 789 542
693 694 688
53 115 160
109 111 249
697 695 474
525 659 401
795 793 538
526 734 281
139 140 746
128 129 889
373 372 73
80 215 844
726 727 619
862 700 118
500 824 603
894 892 448
944 167 766
595 989 64
852 647 941
984 452 127
26 543 164
717 718 162
375 373 529
502 501 517
439 230 507
193 191 138
485 483 773
695 696 4
657 31 446
404 363 243
44 46 750
919 708 877
615 614 621
820 821 129
255 935 687
55 56 502
299 426 54
448 446 863
925 76 853
482 481 752
533 531 990
562 563 230
830 294 962
599 601 667
76 77 369
136 135 965
992 465 688
13 730 255
622 694 706
253 254 28
601 602 843
483 523 26
763 764 308
763 760 97
221 222 115
322 320 473
205 934 605
655 960 402
94 876 81
285 998 330
709 707 861
330 332 760
862 860 530
25 24 905
842 414 105
710 711 809
520 303 371
87 662 887
98 297 14
703 701 105
933 931 172
392 966 696
508 484 405
949 217 3
831 833 811
743 742 632
171 170 85
530 528 664
890 888 599
905 906 599
964 866 291
375 376 395
527 525 119
708 430 598
279 72 50
205 207 331
446 931 205
666 50 809
312 266 243
756 333 194
612 613 215
993 679 746
799 124 317
65 63 964
644 762 416
234 232 393
389 656 404
918 919 515
754 756 837
42 44 240
799 797 296
26 28 481
559 558 986
660 561 780
548 612 784
892 596 805
397 396 502
398 400 838
558 557 843
458 878 823
886 972 395
309 311 245
386 388 237
799 266 496
565 80 888
409 53 562
346 110 788
606 608 55
464 8 401
354 210 900
930 931 301
331 333 28
651 649 405
387 386 822
433 434 787
159 158 850
504 214 393
28 633 594
758 756 501
608 610 354
176 175 181
685 864 151
33 525 303
711 350 532
980 913 409
682 683 623
587 872 230
749 34 706
101 946 196
668 993 287
763 584 22
112 229 848
245 244 297
967 929 560
822 820 873
920 343 383
978 977 69
252 250 711
567 569 523
278 405 400
976 977 197
764 766 767
515 446 745
380 35 523
359 360 924
267 783 414
62 63 424
846 844 730
523 293 874
360 506 128
137 135 379
219 217 528
92 94 464
934 936 972
145 94 765
95 708 336
137 412 729
633 672 61
83 81 269
628 626 143
883 622 562
84 82 129
997 722 205
701 699 281
230 231 855
68 70 432
625 623 37
549 860 773
598 441 741
679 678 301
592 555 953
959 960 72
657 655 707
634 984 108
616 614 508
644 583 862
141 143 389
39 37 845
76 723 501
247 245 509
319 321 606
398 397 60
694 560 957
886 885 589
782 997 728
331 330 171
380 381 68
977 979 460
921 919 394
666 668 37
776 613 651
958 994 482
329 44 924
498 499 297
816 818 86
746 748 165
623 776 312
812 65 997
851 853 336
788 789 231
260 262 608
196 762 844
520 761 178
315 317 988
707 708 686
896 898 206
741 98 492
503 502 629
911 910 926
464 674 419
922 957 825
764 627 384
147 146 667
201 199 96
434 664 526
610 429 668
971 972 740
565 604 290
869 99 710
793 690 887
288 162 863
501 537 433
984 976 387
416 103 951
682 680 812
663 661 899
632 418 135
645 299 749
225 223 338
809 808 501
469 502 891
784 785 527
570 172 698
26 70 670
907 682 146
119 927 952
406 405 172
179 134 559
715 713 535
494 495 765
498 500 223
93 94 41
953 954 777
61 59 874
965 967 189
410 409 655
784 786 285
873 875 936
278 364 926
182 181 529
345 343 143
935 860 348
382 381 601
179 181 377
869 867 148
760 761 450
58 59 490
883 533 66
787 105 16
90 592 343
337 339 732
842 489 424
989 874 97
781 162 209
847 717 850
55 587 501
674 676 658
1 481 205
469 907 273
163 330 264
865 713 494
352 59 917
624 626 937
641 594 959
185 187 873
791 790 857
203 700 664
613 614 92
55 993 592
623 624 962
334 440 933
564 562 489
744 143 122
710 712 379
770 910 329
313 473 108
171 12 394
202 204 902
632 634 703
418 417 380
788 790 176
971 970 496
384 646 857
994 993 672
373 374 610
475 332 959
947 946 699
801 331 103
11 258 638
255 253 289
678 215 172
558 621 613
106 402 468
802 837 863
228 226 647
781 779 844
105 107 889
870 868 557
12 14 111
738 503 43
599 598 508
620 43 699
161 162 866
249 664 673
992 990 605
620 208 876
813 811 817
792 299 662
295 294 871
821 771 8
515 514 345
132 134 686
997 998 313
792 139 154
332 334 56
936 11 778
867 866 954
156 730 237
895 436 692
633 631 648
767 765 753
732 731 450
924 926 111
436 340 280
805 806 29
24 499 163
537 295 276
161 215 296
130 270 589
963 965 84
145 686 151
855 857 532
858 977 332
854 36 376
744 746 775
536 538 607
815 814 800
630 905 74
911 913 309
914 553 718
320 319 134
282 662 637
331 423 188
76 576 991
891 551 927
798 170 328
480 693 707
868 866 654
901 900 585
887 885 852
405 407 210
254 960 375
715 716 371
289 860 385
541 161 975
169 344 691
928 930 278
346 683 619
977 932 799
896 982 253
125 126 128
395 396 866
10 193 308
791 793 819
576 577 605
887 333 726
282 499 840
994 995 265
491 186 608
79 124 115
283 284 45
233 235 554
31 789 414
213 214 930
677 678 957
713 35 336
592 593 179
360 699 490
518 519 30
720 721 792
415 417 191
445 8 817
237 238 633
824 494 257
37 981 179
926 882 561
759 425 748
140 752 172
294 473 211
215 994 122
453 577 416
757 759 907
983 556 264
507 506 40
956 958 753
678 253 124
153 155 455
735 1 199
67 70 813
550 548 432
534 532 362
380 72 567
236 235 996
760 307 675
453 836 864
542 488 851
794 796 357
534 845 956
596 594 462
205 206 993
52 429 318
353 354 239
667 669 562
32 30 330
276 277 937
841 839 802
594 397 994
252 686 873
317 450 142
329 862 207
242 811 506
897 847 843
413 622 533
911 761 480
573 574 799
267 49 882
966 74 631
952 433 19
494 492 125
236 816 609
843 212 622
655 683 247
34 35 970
898 935 88
867 345 910
310 312 478
303 301 866
796 308 957
374 362 151
376 230 327
343 342 386
344 780 38
362 360 316
306 515 763
918 917 57
696 960 89
673 671 115
943 942 135
488 318 545
204 840 782
182 236 534
213 243 900
340 338 970
757 755 946
738 737 548
175 177 865
125 82 458
216 47 941
183 184 153
666 665 228
857 310 854
294 296 721
881 999 356
177 179 452
5 752 752
31 71 970
848 305 860
273 529 69
865 369 733
340 979 744
836 52 589
866 603 556
190 188 477
5 7 240
812 191 620
486 561 961
96 766 347
269 270 86
816 275 174
273 86 206
944 943 172
363 361 764
111 112 635
552 553 435
179 180 58
87 88 732
951 952 688
731 265 121
156 961 495
210 234 868
407 945 98
693 833 628
493 701 33
233 232 959
732 734 125
580 718 763
458 459 595
393 391 214
636 638 686
733 949 287
28 29 21
562 501 203
442 440 463
633 635 29
754 755 691
713 711 185
138 137 655
844 381 259
706 704 954
751 904 812
958 558 545
435 806 628
379 377 564
763 367 827
880 879 368
298 296 841
719 438 966
621 619 612
330 328 512
960 961 631
599 600 227
425 172 334
468 469 701
154 318 627
869 871 881
239 925 960
640 104 549
966 781 541
9 607 913
523 524 947
235 309 704
27 25 701
572 573 36
115 116 808
526 525 669
521 519 113
604 602 216
211 735 499
586 585 176
528 538 632
856 854 46
445 443 737
127 483 506
763 765 765
801 799 399
987 985 204
2 1 544
534 903 1000
257 273 573
104 102 994
108 110 396
5 6 602
242 243 206
385 547 863
584 226 287
754 37 402
803 804 451
341 339 449
7 9 557
539 864 114
516 517 629
37 45 17
690 689 932
741 742 798
412 413 872
500 553 276
192 699 145
187 188 416
473 471 430
375 377 442
854 855 905
820 790 975
340 811 492
114 15 838
237 239 412
119 117 887
261 259 212
847 849 185
514 512 926
312 736 326
900 899 434
314 818 410
507 555 626
315 316 389
481 479 558
173 145 545
597 596 909
175 17 589
835 553 861
241 240 908
376 280 882
348 859 687
648 874 203
291 214 644
502 504 497
37 608 328
940 942 213
787 786 892
901 902 375
57 56 833
170 456 543
635 46 730
120 119 863
780 778 334
301 300 825
877 745 487
300 184 354
949 69 173
48 583 429
667 665 977
39 40 862
946 919 14
534 800 950
814 611 911
605 957 978
653 895 644
130 128 972
537 536 294
438 436 794
409 411 710
458 41 727
742 744 232
775 776 371
650 527 477
947 798 500
927 926 405
377 620 117
708 779 208
445 257 639
613 455 276
426 424 633
816 817 603
267 266 620
283 341 758
647 648 664
925 280 351
105 905 42
94 95 606
426 611 839
627 625 852
173 389 928
36 912 894
509 507 11
889 891 411
572 228 716
155 208 847
128 126 267
302 301 402
242 241 581
675 677 37
362 356 527
761 499 877
469 470 542
574 158 990
151 150 635
263 265 946
756 477 277
340 342 825
884 444 318
740 741 921
202 773 726
671 972 110
655 656 978
836 837 423
647 346 659
130 512 655
570 978 484
637 636 227
697 352 431
418 420 51
285 851 645
748 255 859
512 702 910
117 853 811
808 810 624
923 11 897
984 560 683
546 438 756
668 831 122
999 772 542
586 588 36
274 276 796
157 113 738
405 19 936
1000 999 758
293 292 44
455 453 204
180 781 719
127 673 357
95 96 903
945 939 613
935 295 660
685 847 960
452 144 221
642 643 581
967 969 902
307 309 608
989 990 507
305 843 201
509 510 312
146 148 682
78 354 415
442 444 416
955 953 797
850 886 80
268 269 346
164 203 286
224 698 137
212 210 743
523 525 336
8 6 309
981 982 168
159 472 341
207 516 409
490 488 287
324 325 461
777 776 545
355 110 347
392 394 241
411 613 393
567 565 768
165 163 725
126 127 130
452 251 193
828 826 9
475 948 324
417 867 488
566 568 694
622 623 445
761 543 295
719 718 92
200 146 265
680 681 397
339 222 250
168 343 84
980 978 750
455 122 199
462 218 166
223 221 586
394 781 379
591 84 366
594 593 325
691 65 760
388 389 856
42 41 873
556 297 893
287 289 529
750 713 162
427 425 503
379 380 661
477 475 862
922 920 199
211 210 211
772 44 409
655 800 139
745 506 816
230 227 941
172 171 891
219 76 649
407 409 364
844 766 426
528 527 242
639 640 236
733 732 230
779 52 589
651 806 363
22 526 13
998 580 587
233 717 690
593 595 343
541 719 989
775 927 615
825 823 230
20 2 231
845 847 927
107 256 409
356 357 498
658 659 935
248 250 445
611 609 979
107 115 147
19 21 794
380 328 326
818 820 637
141 139 154
369 370 375
206 611 182
182 128 657
644 645 238
11 424 396
288 290 35
824 145 237
725 726 989
305 317 238
256 254 608
452 454 756
653 651 921
399 397 124
401 338 214
20 19 72
196 198 639
178 176 172
173 710 127
877 454 362
574 711 382
27 10 275
689 361 305
504 506 815
582 583 533
939 937 340
819 817 953
832 85 590
846 848 431
763 762 320
864 863 758
200 986 878
951 119 48
236 237 639
193 237 334
775 773 588
582 584 455
654 188 536
814 816 495
722 724 560
375 282 983
698 239 892
266 268 526
346 347 987
894 896 2
827 825 903
572 843 371
782 780 490
997 995 629
308 307 615
23 21 19
535 533 241
705 703 738
64 862 793
35 175 25
682 467 269
115 113 117
749 748 395
776 512 613
635 636 428
737 160 915
905 955 821
919 115 683
792 790 469
854 853 935
318 319 674
546 890 324
926 663 446
605 10 253
553 101 908
142 144 665
111 405 306
658 660 569
76 78 56
296 200 966
45 44 453
75 913 876
583 635 775
581 947 914
789 118 897
92 410 606
233 828 700
519 520 544
47 49 198
98 99 957
495 496 611
91 93 851
726 807 813
280 281 643
489 491 207
45 377 826
832 660 145
421 420 444
430 432 203
849 851 13
923 582 408
231 321 921
44 698 342
238 171 48
415 893 481
692 605 591
738 387 713
878 876 742
689 687 592
798 100 881
422 157 232
753 959 250
906 907 750
452 612 279
618 754 827
369 21 212
174 699 112
150 148 984
759 955 631
684 287 631
550 342 4
604 605 64
988 989 15
837 581 713
810 812 815
982 756 40
885 883 376
663 665 348
51 53 655
951 63 71
855 141 788
358 473 813
933 805 724
368 366 256
672 168 476
950 861 85
953 952 566
353 24 327
838 840 605
30 29 296
443 441 103
248 247 335
591 592 718
608 609 463
744 745 59
473 272 261
908 909 22
621 800 482
393 16 989
100 102 658
96 98 25
435 436 125
838 448 288
255 699 255
590 591 775
897 604 674
922 34 463
487 338 174
669 414 110
94 806 267
158 157 31
256 257 868
879 881 316
685 839 149
31 244 926
521 522 81
570 572 172
285 634 458
915 914 137
494 135 129
412 410 587
122 120 5
20 22 518
34 355 66
203 205 920
184 468 921
812 814 497
524 459 201
823 824 790
393 696 811
277 266 498
438 439 125
218 216 881
194 195 191
975 97 289
244 246 347
572 904 748
462 460 818
866 864 536
660 711 713
3 5 852
205 404 592
929 928 694
575 574 701
465 257 477
87 859 39
622 621 726
213 12 999
956 61 793
635 384 693
646 647 577
30 825 628
522 393 795
487 485 695
170 190 341
78 972 279
774 301 425
827 111 919
52 51 523
560 559 595
895 894 611
445 924 118
720 719 522
866 951 814
111 365 654
405 245 820
200 199 807
278 279 980
49 51 112
11 80 416
567 767 158
619 415 850
868 66 618
132 130 56
749 325 240
381 383 883
545 841 687
296 866 684
394 395 865
515 516 524
356 354 386
320 206 222
727 729 510
184 479 974
654 653 620
385 386 847
637 248 172
378 381 388
739 914 406
345 346 519
6 156 351
169 178 85
270 652 130
673 979 969
878 879 798
286 288 111
58 528 498
440 438 967
646 25 924
344 902 509
104 106 856
450 698 306
166 167 142
216 215 914
61 62 530
228 229 165
135 639 950
652 590 442
335 336 534
48 50 192
194 193 96
213 136 317
384 385 941
119 897 768
493 492 591
798 747 508
157 156 597
925 544 211
332 771 401
541 260 665
756 700 601
849 325 984
42 744 24
506 554 141
636 114 74
212 392 386
596 598 324
36 34 356
187 794 104
856 129 805
74 19 326
649 650 43
339 753 215
201 353 146
679 522 896
457 442 66
264 263 258
209 210 215
188 241 644
741 830 107
290 291 824
771 772 118
504 788 608
525 852 200
204 709 141
352 350 986
219 220 287
139 406 529
843 841 462
539 540 177
36 37 682
251 253 728
448 449 259
819 954 458
747 746 31
211 213 101
892 891 595
690 691 921
68 69 782
226 227 48
795 442 382
597 276 170
876 861 122
683 713 138
968 59 990
761 425 823
48 47 905
182 210 800
920 928 699
767 447 89
821 252 976
214 642 791
107 374 753
260 964 838
549 671 214
844 732 449
71 70 273
139 978 870
404 402 365
409 909 574
933 475 223
887 888 108
440 571 319
544 862 163
356 466 398
475 277 280
190 518 792
984 985 359
173 171 894
190 1000 722
107 932 977
451 450 875
742 384 60
771 659 76
521 141 659
2 451 412
41 39 290
831 832 293
666 359 484
220 191 232
697 433 44
334 389 955
391 392 498
618 683 664
601 153 857
329 327 563
569 570 380
336 337 227
451 407 730
939 972 429
976 616 733
849 283 497
784 783 76
451 660 221
754 753 300
561 559 559
22 24 65
379 557 265
639 638 501
120 121 581
700 699 740
650 652 628
708 157 231
407 408 596
12 11 431
399 334 986
609 438 652
356 95 28
580 579 339
850 848 601
154 643 732
276 278 509
948 710 591
430 420 644
940 941 371
55 777 769
391 390 661
936 937 955
338 336 471
477 479 332
652 418 469
860 730 981
835 833 155
731 730 654
290 46 212
231 232 713
163 162 213
416 686 979
221 220 431
158 738 455
185 186 527
463 472 321
645 404 330
474 475 798
383 602 121
753 720 209
844 693 281
103 101 649
930 556 222
669 670 394
608 219 380
591 440 272
311 486 619
770 99 795
605 606 869
576 575 341
776 436 382
587 586 299
813 278 747
652 724 438
228 230 40
804 40 18
256 490 783
966 968 24
133 135 907
787 524 824
956 952 216
753 752 586
116 783 190
146 145 122
811 810 275
539 541 28
67 65 328
108 247 265
478 477 13
627 629 768
12 784 756
503 607 563
341 208 339
114 112 344
171 74 130
196 1000 590
312 357 462
195 197 146
543 14 999
690 284 733
496 838 283
512 511 703
99 100 611
665 781 888
575 425 745
79 78 628
589 587 912
804 497 826
92 302 349
72 569 214
976 974 289
630 628 708
103 105 123
581 582 311
940 878 551
881 603 869
517 518 347
982 983 332
217 215 34
466 465 240
520 384 592
110 48 456
966 965 281
856 858 334
116 936 791
664 23 696
551 549 770
714 956 806
239 307 589
116 334 657
123 125 152
41 379 392
175 174 249
693 695 771
309 485 807
579 581 524
202 946 492
540 194 155
449 659 467
993 991 992
394 746 811
49 32 340
390 75 877
38 870 395
329 561 478
816 8 602
3 2 237
572 956 408
231 567 967
392 772 201
190 192 691
546 548 437
373 537 986
347 348 248
959 32 259
444 36 543
175 24 84
839 837 487
897 899 254
182 616 402
78 660 948
197 573 835
158 160 375
951 950 608
47 45 666
544 724 788
458 457 654
213 823 720
537 990 669
201 37 227
940 489 600
395 620 419
996 994 2
116 86 991
282 223 167
710 708 931
97 511 237
315 313 739
617 618 135
685 686 719
125 70 636
464 463 440
380 647 848
393 944 629
963 669 487
54 428 737
342 248 911
770 768 206
429 430 987
29 1 434
494 758 949
950 168 458
912 956 978
518 19 411
189 615 845
377 378 867
957 288 346
897 896 207
324 347 723
184 185 560
982 984 362
692 690 120
687 472 729
745 734 945
259 91 990
973 974 410
59 432 275
144 155 317
750 751 167
582 50 389
478 480 722
434 435 937
47 915 538
585 433 534
268 331 512
54 52 927
560 463 619
543 545 509
512 513 916
466 467 506
263 262 951
450 452 247
702 273 755
540 542 72
986 560 538
74 76 600
259 260 472
402 400 838
596 363 869
722 241 17
159 161 582
894 614 741
552 480 784
752 751 162
641 126 550
38 655 814
799 800 335
875 680 258
86 466 426
874 876 824
257 258 683
133 131 216
72 73 898
226 761 853
489 611 97
91 90 749
742 962 356
999 998 291
698 57 252
212 514 98
946 259 901
165 89 600
951 233 743
533 922 623
167 169 926
139 138 667
709 975 289
467 719 403
906 908 168
257 259 171
796 462 271
162 164 176
8 10 956
639 766 612
496 500 83
873 871 40
11 9 955
124 122 556
805 803 29
773 945 989
493 289 993
483 384 910
699 573 1
770 771 555
466 468 207
814 927 701
714 173 766
128 525 573
73 75 447
413 415 931
643 644 576
156 96 628
886 262 470
416 414 795
991 270 8
737 736 952
701 610 139
228 81 42
703 415 426
89 720 412
152 150 349
280 282 628
283 542 524
649 181 918
672 670 116
986 985 405
594 284 884
657 658 125
214 468 25
917 916 284
554 393 197
364 362 843
422 420 608
606 52 691
275 587 203
782 783 763
955 956 91
698 697 510
910 909 545
938 936 215
988 987 493
569 990 333
508 507 347
340 567 227
239 977 149
346 441 716
817 631 86
428 261 201
801 803 342
176 386 390
135 831 932
272 271 617
19 18 401
347 941 373
501 499 493
345 866 619
724 329 148
934 932 454
294 292 526
359 358 776
844 845 19
945 944 314
570 571 902
82 836 96
441 440 264
305 303 760
932 872 392
739 737 797
38 469 42
577 375 284
842 840 932
629 109 769
911 912 878
734 736 93
156 155 922
908 966 316
945 233 333
256 487 466
680 679 984
510 460 641
648 649 539
438 717 943
273 275 108
830 828 859
247 249 764
474 473 834
93 591 937
86 85 153
811 897 41
891 893 613
963 964 604
389 390 922
243 244 522
713 714 519
861 860 647
955 957 702
554 552 541
836 133 848
290 619 577
445 447 427
434 198 19
313 314 619
309 310 449
131 129 341
17 800 958
941 187 22
260 184 58
844 611 740
16 15 173
20 618 38
328 20 242
662 660 277
514 615 336
583 10 976
610 612 348
375 109 570
534 485 707
34 33 216
580 894 739
305 70 274
475 476 215
833 834 330
920 919 508
924 355 358
285 283 698
500 116 460
28 231 300
752 240 5
299 300 630
696 863 623
40 812 333
364 740 124
661 776 570
283 282 463
514 72 904
2 270 294
491 761 993
141 142 805
804 548 443
269 271 454
307 305 351
986 79 91
745 9 340
853 968 742
721 723 816
523 919 21
730 535 896
331 926 302
579 793 572
724 725 609
213 938 251
871 872 15
66 65 350
957 728 129
733 735 344
172 212 865
824 596 583
859 857 513
792 110 930
888 889 791
482 180 121
12 13 503
973 971 508
54 273 808
831 189 20
223 536 975
311 313 554
848 653 521
730 729 40
830 896 45
276 680 394
934 935 292
377 715 550
116 117 924
361 359 619
481 209 903
947 948 518