300 1000 10
4 2 5 8 10
2 4 7
1 4
2 6 7
2 8 9
2 3 8
2 5 9
1 5
2 4 9
1 4
2 4 7
1 6
3 6 9 10
4 1 4 5 7
2 1 4
2 3 9
2 6 8
1 8
2 2 9
2 2 9
2 3 7
1 2
2 5 6
2 9 10
1 8
2 8 10
1 4
1 3
3 1 3 5
0
1 2
1 8
2 2 8
2 5 9
2 4 5
0
1 5
1 1
3 5 7 9
2 2 4
1 1
1 8
0
1 5
2 6 9
1 5
1 1
1 8
1 5
0
0
3 4 8 9
2 2 4
1 5
1 8
1 7
3 1 4 8
0
2 4 5
1 3
5 1 3 6 9 10
1 9
4 1 3 6 9
3 3 4 8
2 1 6
3 1 2 10
1 9
0
0
2 6 8
2 5 9
0
1 1
0
0
4 3 5 8 10
1 5
2 3 5
1 8
3 5 9 10
4 1 2 5 7
2 1 2
1 9
0
1 10
0
3 2 5 8
3 3 5 8
5 4 5 6 8 10
2 7 10
2 3 10
0
3 4 8 10
2 3 5
0
2 4 5
2 5 6
2 6 8
1 9
2 1 6
1 5
1 10
2 2 3
0
3 8 9 10
2 5 8
1 8
1 10
2 7 8
2 1 5
0
0
2 5 9
3 3 4 7
2 7 10
4 3 4 5 6
1 4
1 5
1 2
2 7 10
3 4 6 9
4 1 3 4 10
1 3
2 5 8
1 3
0
2 3 5
2 1 9
0
2 4 8
2 3 5
2 2 10
2 4 10
1 2
0
5 4 5 8 9 10
1 7
2 4 8
4 4 5 9 10
3 2 3 8
3 3 5 8
2 8 9
1 10
3 2 4 5
3 3 4 5
3 1 7 9
1 9
2 5 8
4 3 4 5 7
1 1
4 1 5 8 9
1 6
1 4
0
1 2
4 1 4 5 6
1 2
4 1 5 8 9
0
1 2
3 1 2 5
2 2 4
0
1 9
0
2 9 10
0
3 5 6 9
1 2
1 7
4 1 4 7 9
1 9
0
4 2 3 4 7
1 3
2 1 7
1 5
1 2
3 1 9 10
1 1
1 5
0
5 1 4 5 6 8
0
0
0
0
2 9 10
3 1 7 9
2 5 8
2 5 8
3 2 3 9
1 1
1 4
4 1 3 4 8
2 5 9
1 6
1 2
3 2 7 9
2 2 9
3 3 4 7
1 5
1 5
1 5
1 4
1 5
3 1 3 9
4 1 2 6 7
1 2
1 8
1 5
0
1 1
4 4 8 9 10
4 2 3 5 9
0
3 2 5 9
6 2 3 4 5 7 9
0
0
1 8
0
1 1
2 8 10
1 1
1 9
1 3
0
3 1 5 7
1 1
2 7 9
2 1 9
3 7 8 10
2 5 9
3 1 2 8
2 2 7
1 9
1 8
1 10
1 4
2 2 3
1 1
0
1 5
0
3 3 7 8
2 5 6
0
1 6
3 5 7 9
2 2 4
0
4 3 6 7 9
3 1 8 9
1 5
4 3 8 9 10
2 7 9
3 3 4 9
4 2 5 7 8
1 5
1 1
2 7 8
1 2
3 1 4 5
0
2 5 9
1 3
2 4 7
1 6
3 2 7 8
3 4 5 10
4 2 3 5 9
4 1 2 7 8
2 5 8
3 1 6 10
0
2 5 8
3 1 3 5
0
6 1 5 6 7 8 10
0
2 2 8
1 10
5 2 4 5 8 9
2 2 5
3 1 3 8
5 1 4 8 9 10
1 7
1 1
2 1 6
1 4
1 4
1 8
2 5 7
2 1 5
0
4 1 2 5 7
1 2
2 1 6
0
1 69 562
140 265 429
111 36 264
57 33 230
207 193 201
195 152 616
186 56 409
208 80 627
183 175 346
1 8 950
112 21 859
96 62 604
207 67 837
110 86 124
71 116 962
34 227 171
239 12 636
145 217 159
29 79 894
38 13 459
125 267 815
18 265 119
69 150 464
76 148 894
70 277 378
210 111 30
98 74 256
252 253 339
102 12 344
61 100 312
55 245 95
165 221 842
108 295 799
97 29 342
69 295 830
207 7 15
90 62 991
4 61 137
266 121 811
4 5 460
86 28 16
72 12 109
291 59 66
174 102 561
18 110 297
100 133 22
108 195 859
54 3 795
291 67 52
49 130 452
50 220 652
142 158 559
8 29 617
106 213 470
71 128 364
16 10 919
18 233 34
201 119 529
252 219 683
13 17 459
72 209 259
298 174 863
109 287 94
297 132 80
227 19 215
14 141 986
194 294 917
66 229 617
2 16 880
51 8 460
224 72 576
199 82 282
287 55 12
99 214 767
116 32 624
64 298 402
156 244 383
234 182 647
90 57 757
136 222 291
74 234 431
97 105 397
45 32 138
190 119 362
39 11 675
80 167 634
282 297 170
123 203 710
295 82 876
158 183 787
256 42 759
209 149 778
186 296 626
62 6 193
45 106 73
109 87 120
268 188 468
76 208 233
34 223 226
106 187 843
196 83 571
172 18 364
258 77 55
75 251 243
76 238 319
41 52 867
168 93 730
257 106 60
6 60 700
40 166 250
263 207 729
39 242 131
15 238 708
181 198 736
139 44 752
173 105 76
222 57 159
181 9 166
192 139 682
237 30 137
95 119 123
265 36 727
128 56 696
54 163 329
245 138 314
28 13 23
31 181 777
86 178 922
145 285 110
81 51 803
185 233 339
4 15 471
254 127 489
88 39 395
289 264 68
50 3 151
177 38 531
270 158 669
131 49 901
240 266 277
41 165 921
114 19 174
208 271 559
100 169 755
124 116 896
240 275 524
6 208 922
207 100 36
40 242 863
289 16 840
60 157 671
52 164 27
19 91 144
148 163 294
10 9 158
256 61 533
74 296 743
253 293 133
212 73 322
3 44 866
43 186 804
277 127 679
271 162 370
74 286 300
69 110 855
102 161 378
234 184 756
19 8 622
49 168 583
263 174 825
274 262 900
241 25 900
257 248 340
82 264 178
32 39 638
104 212 802
120 201 612
147 224 516
250 291 770
297 59 100
130 197 246
15 105 435
22 221 636
119 238 258
56 141 15
266 25 905
229 153 824
1 38 177
202 14 774
7 12 490
24 3 36
29 140 827
184 243 713
244 126 209
207 39 723
189 184 446
47 18 24
165 25 747
6 159 567
278 3 365
90 190 870
229 261 211
289 268 516
81 155 758
76 149 550
276 268 579
268 182 308
279 31 722
136 21 618
220 66 544
61 259 746
16 79 122
124 247 10
298 159 953
98 65 715
59 65 268
45 209 386
40 1 421
154 29 342
220 137 78
15 25 370
165 258 100
48 93 741
254 214 617
63 148 809
9 74 988
44 299 970
120 244 953
279 258 309
169 139 271
52 102 187
241 268 45
116 247 41
33 158 634
48 150 140
166 4 540
22 187 479
286 259 223
17 262 659
29 82 245
110 261 604
178 27 103
40 237 575
236 39 668
29 44 549
217 278 536
116 132 464
250 132 611
168 224 844
203 284 993
152 241 558
30 130 419
120 82 97
97 237 976
161 164 646
26 182 692
148 208 14
52 146 373
244 143 682
54 113 363
235 187 527
294 98 198
291 210 884
31 33 467
76 16 264
195 260 552
34 256 656
28 233 313
94 96 63
224 206 105
171 136 672
42 188 821
29 153 799
220 188 350
185 42 310
51 18 316
26 120 260
163 45 746
246 76 273
219 78 798
62 116 687
108 76 480
238 289 127
282 65 379
29 229 142
61 196 889
17 20 8
287 46 175
230 36 734
224 26 847
99 242 742
225 25 721
88 149 497
53 46 518
85 60 112
55 95 277
257 83 506
26 13 470
171 19 306
153 33 809
152 207 644
145 261 372
108 66 585
237 100 298
229 249 76
255 188 411
33 271 790
298 67 216
37 264 184
25 60 966
163 76 713
88 201 460
88 155 207
295 170 406
20 30 960
262 70 556
244 246 297
220 11 360
214 73 860
164 135 416
230 149 20
188 112 134
95 226 502
70 195 48
223 124 854
180 258 112
219 262 73
4 6 981
293 89 940
27 126 240
297 29 764
82 65 640
245 148 937
223 282 965
278 235 127
152 80 159
168 100 562
169 173 376
62 245 592
212 18 474
97 192 114
146 45 684
117 128 996
55 207 422
211 17 485
299 133 90
89 19 863
41 39 406
250 272 972
149 222 803
207 213 610
64 2 201
63 297 618
152 228 49
24 161 18
186 109 407
14 90 741
289 186 923
31 145 240
49 139 786
201 179 199
291 83 640
235 48 767
17 45 101
54 128 368
46 2 986
81 38 733
1 4 451
250 127 849
28 281 508
183 179 731
95 64 880
154 33 81
194 116 780
236 104 756
194 119 541
295 112 255
170 139 622
300 286 379
179 19 780
68 11 979
279 162 854
271 21 618
293 218 833
1 103 848
67 156 839
108 210 328
225 53 736
89 44 905
67 9 213
183 270 496
199 48 629
218 252 48
205 62 537
201 116 628
177 104 846
97 198 685
257 234 520
147 116 563
77 54 422
99 216 153
9 300 814
204 94 741
62 55 561
62 189 191
74 178 123
240 106 503
10 69 363
180 67 396
131 239 569
274 249 806
118 153 496
180 142 607
247 194 963
63 8 302
274 84 971
187 143 654
50 259 136
12 285 91
145 210 502
186 185 926
283 233 393
232 50 182
20 178 989
76 107 3
28 5 110
184 22 272
237 226 575
29 32 542
151 272 269
253 71 561
172 59 208
79 11 423
182 211 541
20 80 951
53 200 15
220 35 168
230 146 187
177 92 714
150 287 319
240 126 757
140 14 376
98 57 406
256 27 269
12 267 515
279 113 500
269 195 192
56 29 436
183 278 89
18 214 2
69 37 317
56 177 740
77 249 916
104 268 396
100 228 512
13 282 145
93 80 102
207 226 284
25 222 933
88 107 649
23 174 729
179 228 609
49 41 71
73 206 673
159 21 300
6 26 994
246 287 279
191 62 472
18 44 669
200 169 397
198 292 320
254 209 72
60 26 177
162 124 719
36 262 871
184 29 187
161 271 303
181 232 807
67 172 277
37 217 777
228 57 580
287 176 775
36 18 688
255 46 248
187 32 271
36 108 913
203 199 972
224 243 259
155 6 224
275 262 695
184 40 588
126 71 686
59 93 350
145 229 720
198 187 347
134 266 135
241 109 130
272 200 425
30 242 813
121 187 893
81 58 300
129 256 849
220 88 494
64 51 639
85 146 365
93 179 16
149 23 35
18 165 719
82 108 695
154 103 960
288 100 974
134 67 543
16 218 937
203 281 779
138 38 420
283 10 490
41 75 198
2 83 570
287 132 933
181 63 891
41 219 912
108 231 707
24 35 169
120 147 722
284 230 731
75 162 758
223 178 562
183 119 725
55 209 182
192 251 553
229 16 564
187 29 241
178 179 25
202 248 132
251 27 869
109 73 178
52 299 569
272 299 533
199 178 450
102 199 29
2 23 534
128 154 907
57 262 420
100 85 493
35 55 695
138 35 524
282 269 711
205 147 408
206 146 335
217 211 412
8 18 866
59 43 12
205 217 44
79 257 824
117 34 662
146 69 100
41 50 739
131 235 447
271 276 488
159 28 9
285 119 740
96 187 674
191 162 450
58 59 854
104 27 677
210 133 217
137 282 82
171 6 574
35 72 107
233 238 710
211 263 129
21 189 152
178 169 552
241 264 211
134 160 427
143 176 140
33 195 390
77 142 199
107 205 152
104 68 237
30 44 73
172 265 890
182 270 918
268 111 270
90 104 116
77 143 132
105 171 321
257 62 701
63 12 167
94 229 507
102 253 436
106 20 903
76 296 804
254 273 349
123 75 116
165 167 957
12 42 858
171 60 23
213 26 48
17 228 586
182 222 941
51 220 94
11 145 825
113 28 155
135 272 550
96 143 823
242 123 238
171 154 748
254 58 649
33 192 297
8 246 994
175 88 145
79 288 173
261 166 155
271 56 413
65 73 769
185 131 441
57 76 346
113 228 570
18 138 482
64 191 486
237 194 453
144 150 910
178 1 661
190 267 497
232 67 327
225 292 914
14 5 427
214 49 637
160 226 453
170 160 897
231 236 409
133 219 420
111 202 735
22 188 267
194 153 618
192 128 279
207 41 468
80 94 736
184 212 506
205 37 606
193 92 670
82 228 772
203 18 166
177 65 645
71 51 141
70 89 536
112 127 797
195 266 109
233 57 746
143 32 647
40 154 231
285 75 173
162 292 882
94 179 893
103 11 346
26 123 767
24 212 98
9 15 751
113 201 26
290 155 675
17 14 794
238 72 505
215 231 37
1 53 157
83 216 274
275 33 450
111 106 550
169 122 268
116 83 182
23 13 784
261 83 951
131 61 421
196 293 367
181 185 323
41 270 578
185 203 84
288 206 283
156 225 212
189 70 678
77 125 396
258 32 366
29 127 132
38 121 410
296 106 113
60 75 672
256 168 816
4 286 137
92 117 24
83 255 592
261 79 654
201 136 416
222 142 620
233 193 807
21 58 945
39 254 632
203 270 858
51 46 30
7 6 531
267 193 263
62 200 558
237 3 744
280 86 582
229 72 802
77 26 690
43 25 815
3 1 61
160 181 364
171 296 51
176 4 401
38 22 344
120 54 730
91 202 93
3 92 623
154 155 582
109 119 630
265 248 571
273 216 614
212 19 814
223 138 482
147 159 64
119 117 148
54 239 970
99 182 390
28 47 740
48 72 179
299 8 777
168 15 375
180 70 80
170 288 355
127 165 969
191 163 49
123 87 511
24 20 841
106 85 757
223 140 37
45 247 155
297 123 946
87 127 771
249 170 936
158 269 789
191 52 497
103 156 82
250 9 596
22 9 735
212 39 586
88 185 898
82 56 571
232 71 519
231 92 678
207 227 264
221 197 325
135 109 608
35 188 221
206 214 110
258 61 112
232 175 101
152 246 7
109 85 565
43 267 61
88 79 915
101 51 24
58 268 253
158 198 199
193 29 487
102 290 296
124 283 665
249 260 371
67 97 541
297 145 622
238 134 356
244 241 994
186 142 850
261 275 231
7 235 826
54 102 618
169 45 75
67 209 455
147 230 97
121 215 361
74 231 260
133 87 409
8 224 889
199 66 101
2 291 539
259 133 349
57 101 506
182 297 682
176 156 409
155 87 218
93 84 932
10 21 364
99 79 845
160 271 362
35 278 208
140 123 507
115 90 330
3 65 108
39 64 477
292 258 85
117 108 605
100 259 332
103 228 854
152 64 175
137 185 380
226 233 851
90 124 615
248 279 58
245 46 558
99 49 679
50 8 680
272 127 252
25 233 599
108 145 729
70 144 941
252 179 561
207 147 955
92 63 512
29 31 519
145 140 598
215 171 155
168 114 427
102 138 672
37 54 455
107 274 274
119 13 752
25 141 924
150 197 825
243 149 988
133 58 905
229 262 325
62 74 28
38 141 59
91 51 134
83 228 303
99 231 690
41 78 583
184 181 704
198 8 961
260 203 876
236 34 856
162 130 523
62 137 346
13 7 606
106 150 297
184 273 898
201 117 453
209 79 406
287 152 793
21 207 530
157 11 912
151 36 719
226 38 559
32 180 608
251 157 931
79 262 226
143 257 432
161 159 501
41 150 385
46 169 924
41 188 988
277 225 131
215 279 45
207 56 966
50 261 124
178 170 455
61 110 550
213 275 452
236 60 957
175 193 365
22 300 728
1 75 233
154 49 288
127 36 991
195 47 56
223 272 99
223 65 192
140 161 727
183 276 590
45 51 947
98 51 187
43 111 907
282 195 629
59 73 758
170 148 57
38 131 407
237 167 699
165 163 791
90 277 812
153 25 966
115 21 431
237 218 269
63 99 799
229 27 776
193 33 435
2 1 753
179 197 15
260 53 497
53 169 363
33 227 698
210 218 82
209 171 192
167 20 314
122 164 874
89 191 822
121 129 824
259 167 646
274 110 412
135 44 47
89 25 624
175 89 455
120 43 780
34 10 871
172 116 520
59 214 375
174 287 168
294 116 435
295 38 910
83 173 857
87 75 960
251 1 959
252 184 125
66 3 622
287 144 341
225 250 246
26 37 841
37 107 282
245 144 842
20 201 966
82 57 921
202 216 421
271 291 176
19 95 795
192 221 354
22 243 224
79 267 579
246 227 913
47 33 973
84 72 739
30 17 346
25 240 244
47 78 6
77 24 549
90 72 495
221 213 482
48 181 251
9 3 749
33 236 79
173 159 567
230 282 871
192 28 621
7 23 429
16 27 777
219 151 890
23 148 28
113 64 413
32 100 860
228 130 903
107 137 510
91 42 198
112 118 761
104 107 39
160 177 920
272 78 702
34 91 749
118 21 636
85 186 47
233 105 735
65 124 72
47 7 834
10 122 440
3 227 670
194 164 216
149 283 581
281 256 102
11 5 552
74 187 301
54 96 577
200 276 91
299 116 298
31 53 77
18 83 573
131 97 773
300 184 203
159 294 907
196 102 653
30 7 320
218 156 34
51 147 604
35 91 618
268 292 218
200 149 643
263 116 536
122 160 127
176 92 376
48 29 176
265 291 9
67 179 843
70 25 117
106 300 745