1000 1999 5
0
0
0
0
0
0
0
0
0
0
0
0
0
0
0
0
0
0
0
0
0
0
0
0
0
1 4
0
0
0
0
0
0
0
0
0
0
0
0
0
0
0
0
0
0
0
0
0
0
0
0
0
0
0
0
0
0
0
0
0
0
0
1 2
0
0
0
0
0
0
0
0
0
0
0
0
0
0
0
0
0
0
0
0
0
0
0
0
0
0
0
0
0
0
0
0
0
0
0
0
0
0
0
0
0
0
0
0
0
0
0
0
0
0
0
0
0
0
0
1 2
0
0
0
0
0
0
0
0
0
0
0
0
0
0
0
0
0
0
0
0
0
0
0
0
0
0
0
0
0
0
0
0
0
0
0
0
0
0
0
0
1 1
0
0
0
0
0
0
0
0
0
0
0
0
0
0
0
0
0
0
0
0
0
0
0
0
0
0
0
0
0
0
0
0
0
0
0
0
0
0
0
0
0
0
0
0
0
0
0
0
0
0
0
0
0
0
0
0
0
0
0
0
1 3
0
0
0
0
0
0
1 3
0
0
0
0
0
0
0
0
0
0
0
0
0
0
0
0
0
0
0
0
0
0
0
0
0
0
0
0
0
0
0
0
0
0
0
0
0
0
0
0
0
0
0
0
0
0
0
0
0
0
0
0
0
0
0
0
0
0
0
0
0
0
0
1 3
0
0
0
0
0
0
0
0
0
0
0
0
0
0
0
0
0
0
0
0
0
0
0
0
0
0
0
0
0
0
0
0
0
0
0
1 4
0
0
0
0
0
0
0
0
0
0
0
0
0
0
0
0
0
0
0
0
0
0
0
0
0
0
1 2
0
0
0
1 4
0
1 1
0
0
0
0
0
0
0
1 4
0
0
0
0
0
0
0
0
0
0
0
0
0
0
0
0
0
0
0
0
0
0
0
0
0
0
0
0
0
0
0
0
0
0
0
0
0
0
0
0
0
0
0
0
0
0
0
0
0
0
0
0
0
0
0
0
0
0
0
0
0
0
0
0
0
0
0
0
0
0
0
0
0
0
1 1
0
0
0
0
0
0
0
0
0
0
0
0
0
0
0
0
0
0
0
0
0
0
0
0
0
0
0
0
0
0
0
0
0
0
0
0
0
0
0
0
0
0
0
0
0
0
0
0
0
0
0
0
0
0
0
0
0
0
0
0
0
0
0
0
0
0
0
0
0
0
0
0
0
0
0
0
0
0
0
0
0
0
0
0
0
0
0
0
0
0
0
0
0
0
0
0
0
0
0
0
0
0
0
0
0
0
0
0
0
0
0
0
0
0
0
0
0
0
0
0
0
0
0
0
0
0
0
0
0
0
0
0
0
0
0
0
0
0
0
0
0
0
0
0
0
0
0
0
0
0
0
0
0
0
0
0
0
0
0
0
0
0
0
0
0
0
0
0
0
0
0
0
0
0
0
0
0
0
0
0
0
0
0
0
0
0
0
0
0
0
0
0
0
0
0
0
0
0
0
0
0
0
0
0
0
0
0
0
0
0
0
0
0
0
0
0
0
0
0
0
0
0
0
0
0
0
0
0
0
0
0
0
0
0
0
0
0
0
0
0
0
0
0
0
0
0
0
0
0
0
0
0
0
0
0
0
0
0
0
0
0
0
0
0
0
0
0
0
0
0
0
0
0
0
0
0
0
0
0
0
0
0
0
0
0
0
0
0
0
0
0
0
0
0
0
0
0
0
0
0
0
0
0
0
0
0
0
1 5
0
1 5
0
0
0
0
0
0
0
0
0
0
0
0
0
0
0
0
0
0
0
0
0
0
0
0
0
0
0
0
0
0
0
0
0
0
0
0
0
0
0
1 5
0
0
0
0
0
0
0
0
0
0
0
0
0
0
0
0
0
0
0
0
0
0
0
0
0
0
0
0
0
0
0
0
0
0
0
0
0
0
0
0
0
0
0
0
0
0
0
0
0
0
0
0
0
0
0
0
0
0
0
0
0
0
0
0
0
0
0
0
0
0
0
0
0
0
0
0
0
0
0
0
0
0
0
0
0
0
0
0
0
1 5
0
0
0
0
0
0
0
0
0
0
0
0
0
0
0
0
0
0
0
0
0
0
0
0
0
0
0
0
0
0
0
0
0
0
0
0
0
0
0
0
0
0
0
0
0
1 3
0
0
0
0
0
0
0
0
0
0
0
0
0
0
0
0
0
0
0
0
0
0
0
0
0
0
1 2
0
0
0
0
0
0
0
0
0
0
0
0
0
0
0
0
0
0
0
0
0
0
0
1 4
0
0
0
0
0
0
1 5
0
0
0
0
0
0
0
0
0
0
0
0
2 1 2
112 271 489
205 376 591
246 224 816
302 293 804
937 779 384
233 350 280
89 25 787
798 265 519
777 346 485
48 188 787
307 206 601
997 831 877
597 642 708
53 249 422
161 47 45
716 650 889
739 761 214
424 954 358
476 659 2
288 123 941
631 108 435
794 113 217
7 43 22
855 663 836
219 141 258
46 337 894
377 62 14
515 95 715
19 31 86
59 229 2
367 914 871
487 328 438
670 531 478
680 37 653
428 854 460
177 245 963
27 590 661
431 315 28
698 592 642
630 521 631
119 893 465
264 17 382
29 231 329
474 328 466
279 494 669
529 607 581
286 11 523
284 692 963
112 259 732
809 412 258
51 190 216
288 72 952
758 711 275
58 146 834
355 775 651
182 842 512
49 445 266
156 236 686
78 59 259
589 775 632
167 534 74
844 310 181
934 737 200
671 682 913
280 283 678
97 197 677
264 279 355
542 558 789
642 339 13
440 321 716
67 27 66
811 139 696
137 551 954
749 192 320
3 28 327
398 951 597
897 695 424
373 360 862
10 261 156
36 449 810
188 789 134
124 554 333
526 493 535
290 481 890
210 258 626
63 13 339
834 403 378
646 455 500
72 157 561
129 870 89
587 245 13
840 734 617
287 96 70
960 112 170
26 371 787
435 815 756
145 115 316
439 413 528
896 38 910
342 9 256
390 71 197
937 366 562
266 699 918
207 248 305
566 210 106
769 639 613
263 726 265
144 192 449
294 734 587
117 48 325
30 94 995
807 741 190
691 975 846
847 433 826
21 8 962
606 645 545
131 274 371
188 973 462
496 454 929
720 277 281
89 446 56
837 715 427
64 73 158
115 121 128
825 838 903
185 83 294
933 29 848
414 883 734
406 517 791
700 476 912
149 111 780
473 548 278
41 291 145
693 37 527
787 557 281
244 27 706
615 355 553
153 313 357
905 556 779
647 574 20
846 643 181
353 45 12
784 675 574
146 594 512
810 945 904
88 319 124
736 556 165
9 853 63
38 72 247
684 278 603
549 91 273
78 624 572
560 799 376
493 36 659
902 904 77
206 106 71
79 414 917
142 3 130
478 53 412
325 147 485
114 435 320
911 277 504
616 739 323
216 392 82
441 809 761
226 10 392
457 936 29
211 437 669
907 644 226
569 681 500
263 126 644
71 587 638
259 789 981
289 396 780
209 19 38
510 412 502
449 793 243
538 660 126
615 620 368
747 294 920
796 941 919
891 897 725
88 253 622
918 843 163
979 162 929
653 102 751
362 245 572
677 881 741
139 639 94
80 402 86
982 804 737
398 490 454
19 3 889
124 601 228
151 839 823
684 1000 210
499 636 704
271 583 665
481 515 959
797 586 627
262 594 176
196 53 900
200 192 135
919 371 465
237 245 287
63 166 456
70 993 168
991 337 372
550 593 885
238 202 422
988 36 430
648 278 874
337 447 587
538 841 343
635 745 697
738 992 467
444 195 431
904 760 158
197 871 575
349 305 149
85 460 809
921 576 161
159 462 700
956 862 676
79 312 205
410 496 842
113 360 438
405 307 131
127 704 846
158 119 63
85 100 483
119 652 964
174 215 104
54 111 849
673 965 516
577 686 919
438 171 226
779 361 827
879 516 616
55 739 15
370 182 403
848 535 262
755 125 170
983 595 816
42 182 525
32 4 310
710 441 114
481 207 200
280 292 391
547 182 119
306 443 455
30 273 371
283 962 574
424 766 22
173 415 427
56 270 254
117 369 884
880 859 934
3 96 24
97 51 428
282 188 211
370 851 966
458 251 265
929 591 467
99 680 920
323 68 322
364 859 735
321 89 368
154 53 517
608 100 92
558 347 685
36 753 217
569 355 915
350 744 405
566 940 476
167 257 837
864 334 348
466 340 700
942 653 399
727 608 500
226 252 360
667 119 724
371 19 726
171 250 778
512 887 304
267 234 251
127 97 492
525 434 762
4 25 669
391 473 31
577 631 833
536 287 239
964 665 190
261 512 779
476 137 516
82 49 526
960 65 307
806 443 337
918 680 605
13 736 534
465 213 459
165 91 556
220 122 221
86 613 136
95 58 502
628 201 418
33 32 253
370 697 275
685 72 467
180 815 249
782 556 983
58 40 889
784 156 713
54 184 923
927 695 67
806 915 206
733 688 694
415 453 633
900 536 868
590 164 785
827 736 750
346 979 585
588 75 643
243 406 977
103 202 665
892 679 529
644 278 384
585 96 451
246 339 640
721 888 89
42 48 691
42 19 875
459 182 353
363 202 709
815 690 504
257 504 482
615 431 624
832 924 442
864 628 758
318 248 895
367 687 463
10 40 743
666 129 543
841 907 774
878 212 43
211 386 659
344 303 289
548 673 400
153 523 43
329 17 751
86 164 59
464 573 720
374 378 131
329 382 204
722 473 712
395 111 750
731 736 784
39 2 230
516 137 167
432 198 196
307 511 154
507 934 243
428 708 890
539 43 59
134 375 92
991 788 817
680 459 423
421 278 151
403 484 576
617 536 890
164 472 379
518 889 979
855 214 167
429 866 523
549 379 5
886 983 449
82 521 113
154 517 863
579 803 1
513 114 189
959 61 585
821 503 100
837 992 503
459 10 973
352 540 325
1 825 672
587 602 745
907 741 182
780 245 247
715 397 199
114 616 369
490 497 2
531 746 149
404 840 346
70 237 213
719 136 570
298 217 156
268 204 693
735 48 582
672 326 973
263 491 156
530 683 374
98 9 101
403 687 969
790 235 639
772 18 654
10 322 642
25 493 923
788 928 123
247 314 699
960 930 4
602 21 808
97 771 970
198 195 556
211 433 428
12 18 859
442 293 689
404 998 236
404 167 533
744 209 374
46 616 855
8 144 834
296 901 820
943 545 856
331 45 784
358 667 690
519 430 876
10 11 418
541 571 863
234 183 359
53 595 423
197 555 6
305 505 254
772 661 230
82 359 64
108 79 35
801 124 929
669 296 68
868 556 275
174 890 390
468 321 306
126 96 95
127 391 901
332 610 447
75 20 294
432 892 603
11 676 412
173 48 312
710 53 795
750 50 280
608 964 959
717 575 940
623 150 204
940 387 301
868 819 383
675 523 608
542 483 605
353 643 12
189 304 906
850 878 93
315 959 422
769 650 786
415 706 225
154 927 110
650 946 945
170 310 487
752 899 301
136 129 630
664 823 385
823 575 388
978 410 974
318 196 570
187 959 956
872 597 205
469 804 942
42 83 549
625 497 532
131 679 230
697 747 47
188 561 486
780 259 555
109 944 745
37 81 442
513 11 245
475 452 264
511 568 55
999 943 196
953 417 749
961 831 137
226 310 910
312 18 255
357 397 145
438 675 387
336 274 370
956 431 660
185 193 956
946 648 401
102 42 53
110 35 64
535 723 142
150 320 771
197 688 4
586 639 935
15 379 940
362 951 26
239 575 534
209 913 264
987 431 854
837 399 272
17 34 530
432 925 720
457 134 653
879 460 453
18 531 612
560 580 158
114 67 7
83 125 319
969 217 307
581 112 599
782 209 950
938 322 182
116 699 818
756 366 548
40 153 585
618 343 445
288 524 994
324 648 601
927 506 510
468 580 801
139 65 967
632 329 444
120 131 302
779 198 946
690 242 217
469 338 926
386 720 520
203 277 736
201 941 427
870 277 723
141 66 258
806 817 678
182 251 924
623 579 714
184 981 460
394 781 38
305 316 421
344 999 536
501 635 400
207 213 131
757 400 289
562 750 188
863 409 475
5 811 855
843 146 40
727 941 384
275 148 622
101 56 659
714 124 212
439 890 547
570 92 235
553 608 674
943 944 302
467 995 443
87 46 273
8 2 993
150 890 570
718 553 721
597 532 994
99 894 840
689 445 320
821 60 10
542 605 953
844 255 101
177 285 709
866 314 772
523 995 927
53 875 533
391 658 800
550 396 340
6 332 566
737 752 992
40 251 673
663 485 9
80 637 39
918 23 921
655 872 818
241 120 166
651 540 802
188 996 172
181 67 784
737 182 47
295 381 792
728 866 170
262 123 786
907 695 626
133 303 300
23 26 865
889 493 398
806 624 864
958 293 580
317 228 149
163 18 252
3 679 430
51 25 193
298 426 2
4 355 80
72 271 558
212 91 548
275 55 112
243 796 489
905 727 299
374 717 228
497 501 835
954 847 78
639 405 875
504 370 904
958 586 280
668 436 600
36 763 629
79 520 284
872 558 32
276 546 63
76 1 324
942 117 103
903 390 763
641 696 479
553 263 864
634 924 416
235 304 965
840 982 16
961 373 484
906 172 712
133 404 500
67 315 163
776 479 252
99 707 612
614 151 233
16 322 582
1 132 736
135 477 541
748 30 469
55 165 211
950 442 849
506 109 64
781 862 770
441 585 519
225 267 527
317 728 332
305 236 182
778 654 465
174 974 749
321 388 970
712 128 784
917 179 248
401 961 709
363 12 770
84 339 899
445 440 691
388 288 811
685 589 288
420 243 26
646 914 238
391 997 274
661 402 400
964 9 288
380 436 664
931 83 783
122 160 426
681 464 579
228 231 574
901 318 364
114 282 509
31 224 1000
208 618 80
754 568 58
217 213 336
412 695 828
635 789 765
97 284 790
186 418 814
272 144 512
475 793 216
48 60 212
118 59 537
784 524 397
671 126 448
167 293 177
495 827 248
45 26 150
114 741 860
54 482 730
436 208 723
612 325 264
650 711 834
512 422 629
272 977 855
876 297 940
768 885 607
619 185 358
698 411 879
821 817 142
754 440 466
61 702 317
171 228 973
936 189 931
963 14 19
860 149 243
59 920 932
263 977 534
817 922 595
163 21 936
311 577 809
133 585 614
736 37 279
798 987 155
752 172 760
559 599 105
789 31 587
779 921 614
863 276 453
454 691 119
12 49 801
999 266 619
247 81 848
170 747 285
875 320 104
391 463 7
721 951 343
835 379 406
594 352 142
390 64 215
621 143 990
86 128 232
543 848 231
650 448 44
204 545 24
294 578 890
386 67 406
421 55 218
598 224 263
330 752 910
40 31 358
409 400 327
771 712 230
695 34 726
738 169 944
533 731 543
334 224 766
150 89 602
751 338 624
218 197 128
408 623 718
208 469 760
196 923 933
56 88 277
768 293 851
536 882 381
2 882 85
94 182 869
140 170 457
96 873 910
817 801 991
124 402 669
723 664 746
110 133 310
112 230 565
3 9 17
874 346 783
911 296 311
288 185 155
942 294 10
342 935 192
569 236 196
28 232 242
337 908 427
561 656 159
981 412 48
12 330 842
471 738 723
2 3 319
723 17 573
478 495 133
891 14 432
766 267 744
751 597 906
875 624 350
267 729 715
732 12 902
107 848 517
752 133 853
490 43 355
403 662 617
1 97 302
686 104 718
762 374 728
111 211 656
285 976 942
71 105 627
450 343 256
148 770 233
826 521 748
1 558 329
403 28 568
791 427 711
267 230 850
474 228 768
703 964 213
550 109 416
400 283 501
752 628 877
356 252 625
47 43 828
880 902 731
516 48 984
972 456 729
773 961 92
242 32 177
48 56 12
64 488 245
577 566 176
1 2 151
627 350 631
307 508 290
358 297 159
446 111 940
102 669 484
5 608 968
430 497 653
257 4 397
469 510 110
123 773 557
341 640 137
55 106 160
36 26 366
562 123 212
595 481 676
176 914 910
133 486 324
279 609 293
208 417 724
679 945 698
879 83 111
513 604 446
582 716 151
307 164 562
277 743 206
409 196 756
104 60 907
70 455 102
595 710 774
820 34 883
957 26 798
281 665 783
262 801 264
291 54 338
619 581 367
20 29 635
421 3 374
258 904 505
71 358 755
482 981 643
236 135 92
493 287 976
909 112 64
989 719 876
665 20 68
104 290 92
29 814 455
207 121 97
465 654 607
826 89 337
367 877 127
782 521 650
40 784 667
409 243 519
382 735 483
818 684 49
427 218 649
180 602 709
82 129 837
133 937 45
4 133 284
642 351 213
108 813 44
778 772 757
87 168 907
179 61 556
80 67 959
520 253 641
687 855 963
795 445 650
771 330 466
335 264 216
912 995 404
22 754 480
260 533 596
303 425 90
140 47 609
252 939 890
143 228 538
421 441 919
313 123 874
347 367 111
447 792 618
753 275 770
467 265 419
498 602 592
972 863 345
56 155 570
964 993 434
940 17 458
62 13 59
976 812 108
431 612 13
151 122 656
946 617 455
430 414 74
222 138 468
1000 929 205
154 696 911
50 545 107
219 380 368
530 88 693
200 295 570
66 343 337
10 12 831
249 189 852
69 427 264
155 175 813
431 271 80
332 944 809
195 7 521
856 607 652
575 543 620
407 71 659
632 20 27
627 357 604
196 333 499
15 7 622
849 846 107
758 528 336
802 701 561
431 120 899
75 171 47
493 920 778
799 915 684
827 65 690
730 718 429
623 226 119
232 994 166
65 26 161
917 368 771
318 966 276
445 542 272
282 112 127
564 172 729
709 244 102
566 95 282
479 367 568
228 433 72
439 487 89
93 43 954
898 436 526
786 635 54
204 398 403
816 609 596
366 812 636
747 409 930
528 517 297
222 309 589
298 973 57
340 377 588
11 16 518
69 987 759
511 37 395
179 237 442
722 962 105
144 332 602
281 828 660
202 566 558
156 168 525
606 86 746
355 419 179
136 225 481
656 986 638
27 176 372
102 937 366
459 910 544
251 724 43
277 524 960
893 787 296
971 253 198
345 127 529
200 14 37
870 986 239
345 428 538
597 466 557
299 768 415
58 59 848
119 246 888
24 19 224
185 148 116
604 592 934
42 655 335
845 450 814
199 694 514
83 357 285
773 742 374
203 110 715
499 134 858
5 20 684
255 169 72
71 8 380
353 835 998
710 473 178
126 189 573
470 701 647
55 509 1
539 489 147
335 370 372
292 296 966
343 452 497
346 163 567
879 803 527
204 674 143
594 767 366
105 610 59
106 561 991
649 26 703
125 485 963
908 533 181
655 439 445
516 260 477
414 505 447
248 849 799
592 419 671
119 429 34
202 379 883
23 14 592
138 68 80
823 509 958
54 172 617
847 788 997
956 761 798
694 508 141
641 226 844
142 502 143
156 60 810
481 906 921
289 179 258
113 4 158
277 633 587
559 742 105
357 677 334
60 642 639
759 679 821
364 871 5
142 177 998
567 488 385
657 553 14
316 171 67
386 805 898
4 3 212
213 587 298
926 752 511
148 60 779
375 123 637
942 178 436
439 670 258
837 530 964
143 824 496
563 533 354
446 247 490
124 815 420
916 154 517
306 579 377
359 648 815
146 972 158
590 868 878
562 417 933
962 162 792
179 395 443
394 393 554
495 498 172
183 948 237
627 703 353
124 203 539
990 589 852
157 208 469
659 224 130
72 654 415
655 639 828
872 436 973
74 411 260
57 205 465
22 66 131
605 521 991
244 527 11
98 738 629
945 448 705
762 752 417
900 475 7
455 355 939
72 912 147
169 505 518
634 351 554
979 95 842
137 117 204
103 34 109
185 175 86
944 185 203
786 782 98
567 323 360
386 763 167
37 664 710
830 390 873
497 68 888
660 359 345
54 503 65
178 811 770
432 131 603
134 361 911
831 273 803
256 199 102
919 27 916
311 39 54
187 297 553
157 306 593
34 187 723
995 534 298
389 64 924
812 305 157
810 578 895
433 583 709
13 464 255
389 269 820
941 252 233
832 524 820
378 586 516
761 709 979
127 235 487
603 428 954
691 260 566
265 110 147
428 135 524
754 194 127
721 676 119
472 580 36
690 280 697
611 142 878
738 801 376
549 886 843
409 112 357
510 558 943
606 33 468
749 530 562
949 9 422
742 735 879
475 388 396
366 565 141
636 167 334
692 627 161
344 837 602
697 924 896
51 131 365
779 253 636
877 532 668
461 832 832
532 355 632
591 413 391
615 218 297
100 266 307
670 679 270
205 122 973
34 674 184
851 819 849
470 410 888
269 907 999
809 216 38
805 716 948
134 313 237
907 763 587
212 12 93
93 968 262
137 981 485
499 191 549
134 214 741
12 22 540
26 64 127
514 215 974
696 297 526
410 138 699
40 69 925
82 112 2
240 97 866
866 703 938
301 236 956
146 183 480
804 130 704
938 943 322
196 584 549
374 952 765
944 710 515
287 866 586
993 817 416
832 435 96
521 889 430
477 549 557
176 645 340
830 938 549
61 987 777
543 981 457
95 186 150
855 857 87
325 373 575
345 601 696
19 624 964
874 984 214
36 386 335
66 224 721
307 165 399
767 479 6
657 550 450
249 444 342
631 135 69
811 279 918
561 551 480
336 934 121
334 117 981
763 862 758
853 502 740
466 571 988
656 859 915
435 23 682
336 105 840
129 207 608
808 123 478
361 168 588
136 23 4
10 17 693
698 930 215
324 167 455
55 26 413
90 384 726
568 654 185
454 858 382
299 242 345
10 471 273
64 159 825
674 285 735
48 124 991
897 858 56
407 451 561
555 656 105
506 540 864
216 980 963
240 396 427
752 736 776
414 683 438
103 115 545
438 704 826
529 331 801
344 193 750
987 189 261
925 951 510
330 829 163
774 509 441
569 845 184
276 201 985
565 808 620
254 224 439
393 28 513
561 767 702
59 930 712
961 104 107
450 669 986
374 368 827
273 61 201
46 74 423
169 95 319
357 356 877
496 530 640
513 286 40
500 8 699
589 8 968
130 740 859
686 884 980
510 319 472
971 225 521
372 394 214
788 797 307
862 719 569
965 905 333
109 4 254
890 250 67
339 583 832
236 632 667
951 536 960
831 653 434
415 316 990
157 653 75
870 236 65
77 634 301
860 182 638
122 112 227
704 803 338
860 392 881
353 883 135
730 280 912
234 188 974
76 137 690
584 130 270
954 754 497
53 17 283
477 456 558
575 910 41
290 579 48
380 851 234
491 277 496
14 54 798
60 374 472
818 766 987
668 204 322
350 732 45
771 272 513
11 99 483
549 712 756
501 940 822
221 196 117
822 787 351
101 338 665
147 110 892
556 139 235
525 395 797
198 378 257
932 74 418
849 569 290
487 461 902
194 13 409
309 91 784
124 678 704
699 118 79
242 306 539
537 168 316
455 82 956
36 491 696
156 467 640
730 859 671
283 320 926
442 620 112
212 300 37
123 49 646
551 240 156
209 28 770
588 989 351
442 113 804
84 168 833
632 485 681
73 84 461
174 66 788
675 508 718
11 164 821
60 149 741
235 260 980
612 909 252
33 550 127
787 753 17
308 867 437
503 952 184
274 413 10
418 955 509
398 747 708
537 850 706
712 205 561
7 4 734
719 805 934
482 424 873
210 948 991
6 697 469
3 13 726
476 751 762
714 555 635
870 809 83
95 119 35
205 347 932
485 872 121
461 380 272
126 152 222
127 253 472
407 50 902
591 665 35
695 128 805
943 255 15
18 673 521
810 121 934
811 88 672
230 628 551
746 295 911
565 296 999
575 336 97
255 794 494
85 260 194
20 79 540
693 370 465
96 57 924
227 148 703
343 369 710
401 131 989
223 599 160
164 177 82
830 836 595
503 720 672
307 669 36
823 457 40
230 657 261
903 84 879
342 258 769
301 729 904
82 447 29
526 230 788
653 417 2
809 994 872
318 262 779
8 299 96
378 467 6
307 990 107
460 861 131
984 885 193
1000 596 51
582 115 941
140 49 754
2 239 673
283 293 55
147 520 786
194 113 30
570 519 957
180 297 480
404 107 451
36 354 28
392 479 949
635 281 677
441 434 515
156 567 393
48 121 55
932 538 274
745 457 986
550 850 867
724 623 904
639 447 700
346 456 811
600 36 381
468 410 3
914 294 837
872 321 471
331 225 899
359 11 135
324 59 790
415 503 269
976 136 687
91 9 576
208 227 752
970 998 683
63 969 292
231 412 321
391 655 197
352 845 889
876 592 291
534 970 920
301 250 387
688 904 205
374 400 914
872 24 347
4 196 178
25 664 60
203 493 425
689 541 307
89 317 642
913 980 103
891 534 630
935 255 781
295 375 994
787 533 760
70 20 458
486 372 25
716 129 754
464 481 352
801 751 55
340 877 221
620 523 201
302 56 483
546 122 337
785 797 508
522 989 720
271 779 489
510 585 150
45 177 526
580 994 118
84 452 412
759 986 566
631 133 33
771 365 312
836 502 858
334 623 452
81 185 50
217 166 609
469 760 996
65 180 809
492 29 94
232 138 562
85 281 514
994 895 26
157 607 816
381 836 947
461 235 748
290 201 114
405 114 59
6 50 572
312 494 37
314 509 788
950 688 748
374 176 512
212 543 408
908 288 556
550 697 725
81 876 858
557 487 969
778 680 527
823 209 767
846 729 843
156 5 473
646 155 357
39 569 684
977 516 82
299 145 502
689 670 51
86 76 630
247 99 970
369 415 12
143 405 91
981 627 154
83 538 44
852 35 500
328 750 875
915 316 994
418 685 338
18 154 787
778 774 38
706 898 782
25 90 418
193 75 538
229 420 788
279 340 955
920 720 778
969 282 923
265 612 220
370 584 863
479 732 95
338 56 243
840 588 34
667 459 639
477 921 896
388 296 920
600 406 316
372 528 704
368 242 915
279 918 288
161 882 588
880 882 332
180 216 890
94 107 626
109 134 760
69 199 341
343 57 941
38 28 783
964 881 707
682 990 333
322 444 529
998 494 559
308 933 16
234 484 318
85 365 324
574 923 242
322 749 353
408 464 971
956 806 426
163 532 779
17 371 21
454 4 393
267 183 267
46 25 415
174 33 759
107 494 707
704 86 364
367 531 602
414 760 455
779 985 611
269 532 647
204 10 688
602 490 131
113 401 921
306 876 810
5 1 601
635 858 683
40 652 188
750 427 511
629 65 81
543 296 923
502 731 914
318 111 374
765 702 819
812 4 877
7 52 337
424 10 673
805 924 300
789 562 927
455 194 825
332 67 217
842 649 826
513 196 802
166 730 409
115 34 703
915 627 848
215 586 340
511 537 702
6 5 984
290 408 106
221 830 979
194 396 313
22 372 628
214 31 487
448 391 345
177 221 230
967 535 844
578 991 587
568 814 960
1000 882 94
712 428 865
80 1000 684
67 695 796
387 233 524
212 961 553
126 447 955
303 288 734
452 687 227
355 971 575
580 633 355
87 628 143
130 97 495
708 680 899
47 335 303
289 140 703
379 841 167
141 416 867
39 173 599
644 264 449
564 68 301
177 440 669
462 15 58
604 643 887
99 727 891
525 764 53
76 770 149
29 746 478
977 230 151
113 73 917
8 14 113
491 235 169
455 377 700
107 83 200
925 792 562
493 999 851
810 246 188
80 620 221
6 124 518
44 69 914
356 480 33
753 145 933
29 450 457
416 740 717
444 541 237
659 256 756
24 35 149
239 832 547
267 763 563
842 549 387
134 160 2
678 250 85
251 939 415
902 153 473
501 102 938
466 65 718
109 434 139
50 14 574
30 744 645
222 387 127
8 27 648
160 34 573
785 445 47
226 508 708
566 885 51
801 383 973
973 297 370
215 422 55
535 413 361
523 539 272
116 135 933
245 787 114
346 687 545
417 968 255
294 99 487
347 507 718
792 765 722
735 536 491
710 391 576
553 780 298
573 998 108
37 41 366
351 3 583
681 48 225
970 166 141
157 134 796
120 344 415
419 525 500
172 178 120
201 34 203
146 410 115
352 271 998
526 93 719
844 870 388
407 874 756
762 195 201
185 497 700
254 483 603
356 764 761
63 492 110
155 423 582
276 207 306
912 171 204
132 328 569
405 940 4
506 482 585
40 516 342
460 203 301
68 1 769
882 381 436
593 254 630
282 869 527
834 333 467
814 382 989
32 167 981
486 244 106
94 835 444
326 11 91
55 266 832
28 120 617
837 347 360
469 953 932
92 14 794
110 269 981
488 484 538
78 280 46
403 223 281
851 496 547
813 698 100
708 609 612
829 96 982
351 342 643
140 327 167
320 869 842
888 147 961
501 538 503
596 132 458
883 379 54
191 892 544
326 332 237
142 561 315
216 277 860
41 77 730
996 674 90
299 599 159
215 951 104
193 233 68
717 425 644
719 148 862
549 171 861
978 86 783
33 888 665
828 529 639
95 132 258
99 348 131
980 667 148
288 52 848
448 559 457
319 678 19
575 459 284
191 4 134
916 878 794
468 873 85
454 359 993
988 444 516
342 533 82
452 839 535
545 679 527
864 33 161
109 419 137
9 37 201
522 744 926
537 417 69
157 435 378
467 73 398
629 201 880
863 141 325
401 424 417
582 295 656
952 212 14
422 40 393
402 622 697
852 61 608
278 54 876
791 582 29
834 264 48
845 824 947
57 1 70
860 687 510
210 230 122
971 184 197
10 4 126
923 502 230
699 829 797
776 967 97
205 89 797
965 110 414
63 354 283
21 162 14
865 199 251
895 444 790
594 760 924
173 991 398
999 910 835
974 80 82
275 385 177
742 219 431
104 883 79
895 362 260
164 140 60
83 446 581
341 45 796
651 433 264
518 31 114
606 690 130
913 728 596
853 630 641
708 310 108
14 189 585
339 560 164
142 974 56
259 820 457
783 79 347
191 963 770
19 894 623
788 753 354
585 424 656
779 323 69
464 320 931
346 541 534
141 872 396
713 88 785
608 391 730
785 495 930
837 578 722
609 308 794
405 530 870
508 378 491
205 640 669
223 982 446
543 645 870
463 498 760
85 675 947
178 576 165
889 939 440
376 26 993
113 364 835
456 18 622
954 379 865
158 243 750
39 638 506
150 65 524
354 379 992
152 577 314
435 248 204
81 85 281
93 604 275
552 468 752
61 34 714
37 44 532
127 308 925
53 274 699
456 626 620
469 750 672
446 393 691
428 278 642
400 953 894
852 250 182
527 301 393
418 86 936
305 40 381
406 522 552
30 14 539
931 102 888
944 687 4
578 333 129
229 825 715
723 463 352
399 168 291
306 800 432
743 728 821
644 149 831
333 381 559
759 819 313
521 438 182
950 333 801
725 187 780
917 399 843
30 842 193
363 530 416
531 768 733
469 883 484
612 379 515
792 474 334
827 995 264
499 721 50
131 223 814
139 509 867
614 323 179
448 375 45
640 86 19
640 300 314
210 131 184
807 824 562
266 926 469
670 898 318
425 721 442
387 553 991
422 572 175
857 594 732
400 510 941
770 192 530
14 143 850
799 784 14
312 570 150
273 417 770
833 187 947
489 241 698
785 252 333
606 588 573
41 538 438
383 185 28
858 375 98
274 721 308
229 242 356
717 574 641
298 366 582
488 692 361
126 251 525
282 376 49
762 800 931
325 34 497
19 293 596
288 331 368
465 701 214
36 933 586
517 317 746
544 34 977
424 794 680
56 333 476
629 368 767
978 736 268
331 456 874
551 574 283
470 275 774
356 351 528
717 43 242
116 70 9
859 219 349
504 841 243
11 373 740
555 49 904
799 488 597
788 505 841
729 113 353
621 320 456
618 706 662
27 336 590
705 429 225
368 683 293
947 757 534
645 446 324
365 774 50
429 78 994