800 2000 10
0
0
0
0
0
0
0
0
0
0
0
0
0
0
0
0
0
0
0
0
0
0
0
0
0
0
0
0
0
0
0
0
0
0
0
0
0
0
0
0
0
0
0
0
0
0
0
0
0
0
0
0
0
0
0
0
0
0
0
0
0
0
0
0
1 8
0
0
0
0
0
0
0
0
0
0
0
0
0
0
0
0
0
0
0
0
0
0
0
0
0
0
0
0
0
0
0
0
0
0
0
0
0
0
0
0
0
0
0
0
0
0
0
0
0
0
0
0
0
0
0
0
0
0
0
0
0
0
0
0
0
0
0
0
0
0
0
0
0
0
0
0
0
0
0
0
0
0
0
0
0
0
0
0
0
0
0
0
0
0
0
0
0
0
0
0
0
0
0
0
0
0
0
0
1 1
0
0
0
0
0
0
0
0
0
0
0
0
0
0
0
0
0
0
0
0
0
0
0
0
0
0
0
0
0
0
0
0
0
0
0
0
0
0
0
0
0
0
0
0
0
0
0
0
0
0
0
0
0
0
0
0
0
0
0
0
0
0
0
0
0
0
0
0
0
0
0
0
0
0
0
0
0
0
0
0
0
0
0
0
0
0
0
0
0
0
0
0
0
0
0
0
0
0
0
0
0
0
0
0
0
0
0
0
0
0
0
0
0
0
0
0
0
0
0
0
0
0
0
0
0
0
0
0
0
0
0
0
0
0
0
0
0
0
0
1 7
0
0
0
0
0
0
0
0
0
0
0
0
0
0
0
0
0
0
0
0
0
0
0
0
0
0
0
0
0
0
0
0
0
0
0
0
0
0
0
0
0
0
0
0
0
0
0
0
0
0
0
0
0
0
0
0
0
0
0
0
0
0
0
0
0
0
0
0
0
0
0
0
0
0
0
0
0
0
0
0
0
0
0
0
0
0
0
0
0
0
0
0
0
0
0
0
0
0
0
0
0
0
0
0
0
0
0
0
0
0
0
0
0
0
0
0
0
0
0
0
0
0
0
0
0
0
0
0
0
0
0
0
0
0
0
0
0
0
0
0
0
0
0
0
0
0
0
0
0
0
0
0
0
0
0
0
0
0
0
0
0
0
0
0
0
0
0
0
0
0
0
0
0
0
0
0
0
0
0
0
0
0
0
0
0
0
0
0
0
0
0
0
0
0
0
0
0
0
0
0
0
0
0
0
0
0
0
0
0
0
1 10
0
0
0
0
1 3
0
0
0
0
0
0
0
0
1 6
0
0
0
0
0
0
0
0
0
0
0
0
0
0
0
0
0
0
0
0
0
0
0
0
0
0
0
0
0
0
0
0
0
0
0
0
0
0
0
0
0
0
0
0
0
0
0
0
0
0
0
0
0
0
0
0
0
0
0
0
0
0
0
0
0
0
0
0
0
0
0
0
0
0
0
0
0
0
0
0
0
0
0
0
0
0
0
0
0
0
0
0
0
0
0
0
0
0
0
0
0
0
0
0
0
0
0
0
0
0
0
0
0
0
0
0
0
0
0
0
0
0
0
0
0
0
0
0
0
0
0
0
0
0
0
0
0
0
0
0
0
0
0
0
0
0
0
0
0
0
0
0
0
0
0
0
0
0
0
0
0
0
0
0
1 9
0
0
0
0
0
0
0
0
0
0
0
0
0
0
0
0
0
0
0
0
0
0
0
0
0
0
0
0
0
0
0
0
0
0
0
0
0
0
0
0
1 2
0
0
0
0
0
0
0
0
0
0
0
0
0
0
0
0
0
0
0
0
0
0
0
0
0
0
0
0
0
0
0
0
0
0
0
0
0
0
0
0
0
1 5
0
0
0
0
0
0
0
0
0
0
0
0
1 4
532 531 803
116 52 597
659 135 90
90 89 99
290 478 87
549 703 330
96 95 810
248 247 264
260 157 874
545 544 421
743 744 983
137 136 307
397 398 931
649 598 943
216 112 275
46 45 579
407 752 548
159 290 722
57 56 635
63 62 778
707 306 185
242 243 984
215 216 802
209 352 210
249 248 945
780 87 137
500 662 316
630 441 254
135 134 708
345 622 831
314 418 419
687 201 380
673 674 355
564 704 171
541 419 22
696 695 696
146 145 762
143 144 47
93 137 730
316 317 511
556 695 940
253 783 16
746 73 810
41 48 891
235 234 878
42 711 23
546 517 466
685 686 200
210 211 645
156 673 559
287 213 708
204 203 628
588 89 949
189 188 592
185 360 824
572 573 341
108 87 104
641 642 231
598 594 231
86 87 241
156 155 545
228 229 165
650 591 873
575 324 123
283 282 709
605 649 632
738 588 649
787 103 891
306 653 946
600 601 748
11 91 934
652 459 800
642 454 2
23 623 313
163 70 153
241 242 53
659 170 378
516 515 271
36 548 449
186 185 439
290 289 810
86 564 251
759 544 235
37 57 674
430 429 675
73 74 818
330 791 801
712 711 209
170 169 755
239 240 863
201 16 420
451 452 259
326 327 278
213 652 916
504 410 966
146 147 769
11 410 375
369 370 347
453 684 454
71 120 718
182 183 2
634 633 205
219 502 603
76 77 277
441 440 968
299 298 405
629 785 532
723 724 479
408 306 690
226 180 985
262 556 21
675 676 27
148 800 436
703 702 908
325 34 297
499 498 202
788 657 659
256 255 33
407 531 134
616 456 792
509 93 763
199 369 777
165 508 667
377 378 416
6 208 118
702 26 173
139 140 864
324 325 280
363 362 247
497 791 537
79 78 816
606 607 953
122 123 735
212 211 382
611 732 28
5 117 543
767 766 156
593 592 171
529 530 804
348 347 656
108 633 736
282 679 447
22 583 863
413 187 96
554 466 389
489 98 372
513 512 584
519 520 400
608 411 861
345 346 435
420 351 526
353 352 597
717 145 597
311 312 222
461 462 353
494 363 262
552 577 347
798 799 825
125 126 793
470 469 403
454 455 928
608 607 335
302 121 26
400 726 651
279 280 340
555 554 631
180 181 184
37 36 478
522 523 824
195 652 665
151 152 8
314 313 764
143 376 375
314 315 818
672 720 823
716 105 897
228 227 158
165 166 260
108 226 432
435 616 574
564 760 763
722 606 38
233 234 608
102 713 722
269 22 355
528 746 25
482 481 257
651 425 447
334 780 727
493 492 149
442 79 626
645 644 31
755 754 953
354 611 430
456 269 575
10 245 119
462 463 184
224 85 458
331 332 753
515 514 389
738 325 973
292 394 191
203 257 734
542 642 371
234 798 297
207 208 273
166 136 686
348 383 207
565 564 387
212 629 597
559 558 788
606 582 589
721 722 268
450 451 499
24 25 760
619 620 341
633 382 463
558 741 917
398 212 852
247 510 683
525 730 347
235 236 346
20 19 250
283 55 804
172 173 3
496 495 61
640 641 874
378 775 848
53 533 826
628 627 815
33 32 757
103 102 655
716 717 186
130 688 85
61 62 695
764 765 732
563 562 289
435 434 468
163 253 495
505 13 786
637 674 799
366 365 300
9 250 123
94 95 673
413 414 115
296 295 21
65 66 11
601 318 644
503 502 172
116 533 869
136 135 267
668 669 578
132 244 766
125 628 905
729 730 853
419 664 539
710 794 62
48 49 509
351 352 151
547 548 853
168 401 687
533 543 305
469 271 672
210 554 182
755 67 219
140 541 539
448 449 827
170 695 885
388 389 899
21 505 449
624 623 643
683 360 641
626 471 8
770 771 547
245 782 649
207 206 632
24 256 304
718 719 60
44 257 4
346 598 375
278 478 979
715 714 833
737 738 614
138 681 846
719 57 596
400 399 56
313 177 48
253 411 684
11 662 860
298 220 777
461 460 257
570 571 932
109 108 647
517 367 867
535 725 166
246 512 362
286 625 447
164 165 353
525 424 269
621 196 31
528 114 572
591 75 819
728 726 789
209 691 357
274 275 678
584 585 821
156 778 920
732 671 526
280 86 743
769 768 76
384 383 607
671 734 473
40 192 87
45 44 173
616 617 893
482 483 530
612 652 743
663 664 95
343 342 574
778 60 564
132 691 498
153 154 156
31 543 468
328 327 716
385 511 733
1 618 737
85 86 655
676 386 675
483 484 120
349 348 513
457 458 593
374 373 917
692 691 264
192 191 788
102 239 639
305 306 497
229 422 307
409 75 423
115 262 692
654 653 404
705 704 79
742 743 337
211 301 35
376 154 448
648 647 11
138 616 747
193 339 548
269 153 87
497 610 235
667 668 795
139 674 606
258 743 337
608 609 989
332 214 575
533 297 772
227 314 887
312 735 164
172 455 646
425 755 482
372 774 212
665 666 948
526 397 766
320 477 694
120 699 800
144 22 953
538 539 157
693 694 420
59 58 922
653 523 982
391 390 241
797 720 928
7 227 309
269 71 193
779 778 554
598 599 970
486 580 820
145 144 915
637 638 252
569 370 159
121 429 361
155 310 923
573 711 636
724 690 819
525 526 30
240 464 973
177 176 444
230 443 826
476 324 418
504 186 604
537 76 281
47 367 944
152 554 749
386 176 531
569 568 116
213 214 968
599 691 858
319 571 208
600 599 707
297 346 433
361 88 790
280 269 887
165 567 459
8 231 174
616 336 140
277 278 390
558 557 382
380 379 185
795 796 666
425 424 218
371 3 893
426 106 708
300 424 189
309 386 816
675 644 102
104 393 396
690 25 471
725 724 182
769 770 326
108 107 728
532 5 568
127 126 977
442 18 417
16 15 53
731 730 118
785 275 618
709 710 567
494 495 473
569 102 913
552 553 24
723 167 761
557 302 492
626 298 499
369 438 861
326 514 784
158 157 776
386 56 436
248 466 285
638 759 806
227 226 25
478 477 85
576 577 987
301 300 426
377 276 668
415 414 150
208 127 757
736 666 331
65 525 215
211 691 724
487 486 789
595 594 345
595 596 539
400 574 931
326 325 943
67 318 425
280 449 494
166 604 57
744 308 235
618 312 291
799 800 185
367 697 183
330 331 564
262 261 990
646 594 132
153 152 171
119 718 428
395 394 400
637 288 812
82 427 585
540 539 397
614 613 812
321 538 202
82 209 459
284 283 536
346 362 198
610 609 83
404 204 830
373 234 139
143 676 535
542 541 209
479 478 37
221 220 7
560 166 429
44 191 289
149 148 406
346 712 902
80 81 546
209 208 522
694 695 391
735 429 971
43 201 438
630 629 230
430 126 959
110 6 324
522 504 716
740 741 209
577 336 546
348 416 206
585 586 476
259 743 56
598 626 243
54 355 637
519 754 117
119 118 590
290 639 173
578 579 964
146 582 68
579 580 275
321 322 630
491 5 628
579 701 642
199 133 800
55 279 695
338 678 374
55 440 664
468 469 367
611 482 283
730 555 177
256 21 702
129 389 511
489 84 326
195 734 667
243 244 896
203 321 531
421 420 745
91 458 631
601 602 58
599 595 838
131 714 222
293 294 216
159 391 625
491 744 762
30 29 154
703 704 68
23 573 331
751 752 522
59 792 438
651 652 454
105 352 297
567 568 830
311 372 220
705 589 139
38 322 715
605 136 432
387 388 280
138 137 767
706 705 467
220 219 378
340 339 415
596 197 24
443 442 677
280 112 408
536 325 185
418 419 86
666 667 236
396 747 376
729 728 734
408 407 952
366 21 626
33 630 139
546 547 84
251 250 588
19 18 749
183 184 45
535 536 769
682 457 983
614 97 527
195 196 915
269 293 249
310 108 987
760 761 895
226 695 464
581 582 77
521 522 177
295 286 920
171 264 492
698 699 379
426 427 561
290 291 785
614 92 312
314 91 904
682 171 403
626 627 457
139 128 64
241 582 771
339 641 732
618 619 319
568 574 179
753 520 882
700 699 354
543 544 779
56 55 808
418 417 795
183 119 936
162 161 512
254 355 347
777 778 468
213 212 240
578 577 840
348 281 889
270 269 228
570 560 460
699 736 713
615 460 850
444 293 94
416 415 45
281 452 923
67 66 392
299 76 273
664 24 408
8 9 740
785 217 679
253 252 439
258 174 15
552 198 975
161 798 973
53 227 233
325 709 143
605 485 609
762 761 180
159 293 72
463 51 170
153 722 475
549 213 306
12 782 238
396 699 329
42 43 158
48 47 634
259 70 777
31 651 706
740 739 926
256 220 4
142 254 219
174 131 7
403 404 405
271 499 89
332 181 770
170 707 373
769 572 172
728 629 339
277 131 855
436 435 995
459 587 562
601 155 383
7 8 298
381 380 334
66 32 596
111 110 1
586 442 116
633 579 970
499 696 520
795 794 380
297 296 448
556 222 26
21 372 275
762 627 645
251 252 91
573 40 364
510 348 574
711 356 984
522 640 554
153 208 750
367 366 639
602 624 276
401 241 627
625 267 820
474 598 982
571 201 175
708 717 636
287 744 717
435 467 464
625 626 559
511 512 339
368 292 478
682 211 640
387 455 52
659 622 176
80 79 725
336 686 926
560 561 345
325 391 82
698 697 514
371 711 553
739 738 415
780 779 184
745 746 920
585 40 298
111 664 94
51 52 717
121 77 132
58 537 154
261 456 190
484 593 558
429 428 297
335 593 320
255 609 941
206 205 995
479 54 786
132 403 960
200 135 269
433 709 859
753 279 849
174 2 278
142 235 699
657 658 914
97 96 996
400 401 225
789 741 768
221 222 50
475 585 196
85 646 344
536 537 237
443 112 912
400 718 649
434 433 883
158 211 914
488 538 788
659 206 351
367 745 293
193 315 428
47 24 981
37 108 455
142 534 519
793 284 421
231 107 897
370 413 458
717 104 941
377 376 68
564 335 83
114 563 659
696 697 180
40 39 259
629 661 501
626 739 687
796 797 794
150 327 787
161 141 155
444 443 290
558 532 941
294 748 714
746 747 166
477 476 275
63 64 188
453 454 999
734 626 441
140 502 953
497 498 761
634 635 115
706 564 491
206 344 215
509 788 939
514 512 620
789 788 1000
558 248 400
350 351 956
36 337 376
46 731 815
152 6 155
108 218 589
311 631 298
780 781 587
200 45 890
132 62 613
462 533 754
521 392 329
744 373 870
269 268 891
591 590 307
662 263 158
323 322 288
762 763 253
306 307 110
387 386 632
133 132 708
616 308 205
384 742 410
751 702 984
748 59 822
237 236 292
447 612 620
282 166 288
116 115 272
48 211 699
167 166 799
302 583 932
99 655 330
525 490 226
258 257 417
217 216 450
171 172 34
160 161 886
393 530 560
71 72 629
390 49 568
617 764 83
758 757 428
326 411 567
362 540 734
713 166 983
656 466 307
764 411 100
156 533 65
639 640 870
287 288 570
509 508 562
42 41 712
144 582 832
105 106 929
267 326 541
289 36 631
216 246 153
210 154 432
741 308 640
191 751 452
579 359 446
426 425 33
586 287 888
10 674 667
450 449 80
145 680 650
768 767 377
34 33 689
542 414 506
149 181 423
208 364 98
489 11 93
493 494 12
9 421 882
502 408 328
774 402 663
128 129 478
356 355 978
460 235 618
637 494 288
293 458 968
583 582 591
484 53 392
648 391 248
11 12 154
324 188 198
711 710 634
719 632 459
388 386 9
662 95 592
23 22 284
756 755 934
748 106 358
592 591 763
757 220 321
219 641 895
179 180 457
717 763 313
88 117 204
633 632 851
171 605 524
341 287 908
472 473 397
626 234 975
372 371 513
727 728 200
673 58 330
559 170 194
34 265 313
759 732 324
145 639 905
294 47 105
404 405 204
9 326 527
84 365 95
354 655 679
89 50 64
623 622 436
253 254 805
556 557 586
412 413 364
615 616 715
150 151 999
671 457 109
679 209 211
72 73 311
645 761 224
537 538 858
154 121 699
597 598 859
745 11 667
292 488 605
476 475 95
303 798 561
749 285 471
703 732 608
315 790 611
40 401 572
153 345 743
134 200 207
470 471 753
185 672 48
44 213 571
247 596 766
318 636 647
509 510 414
138 139 777
774 255 208
798 194 498
395 145 197
688 13 821
650 649 381
553 446 358
714 359 670
510 768 114
684 683 160
65 618 357
355 203 324
521 520 630
40 53 513
358 357 102
669 670 661
769 782 10
606 181 115
97 98 894
318 319 210
624 109 265
389 231 601
212 707 630
118 166 322
185 184 392
514 579 932
92 340 770
798 287 758
757 575 252
543 464 408
375 374 876
237 223 293
523 524 216
276 1 995
7 6 466
550 551 720
700 701 239
99 100 632
526 763 765
315 39 812
39 143 409
303 302 950
691 525 545
320 96 229
459 458 397
176 290 195
587 729 844
627 541 377
393 458 11
437 458 328
566 352 34
146 379 826
528 472 476
659 263 764
583 584 959
149 150 519
140 141 439
16 418 361
763 764 163
612 602 104
87 88 928
714 252 405
574 682 102
737 736 55
562 90 293
90 165 771
496 352 827
37 539 442
294 155 350
303 304 920
747 189 364
104 745 159
211 429 439
732 140 229
17 18 866
324 323 613
447 448 797
361 360 990
474 518 548
285 286 772
508 793 703
749 748 642
328 704 422
781 782 50
307 653 117
188 388 487
218 393 324
173 640 434
205 204 200
529 82 8
602 603 859
25 380 610
464 465 753
517 516 208
459 460 543
490 279 596
542 543 721
375 13 330
669 30 554
790 201 923
60 61 356
494 126 559
543 356 158
310 311 781
250 619 350
294 295 787
232 50 705
169 168 851
630 572 311
218 128 701
173 521 500
169 123 683
294 587 772
749 750 889
55 120 238
289 431 120
101 134 829
723 722 712
785 272 753
171 310 616
450 399 124
638 682 441
741 264 300
258 259 875
145 745 30
621 502 776
96 114 731
650 545 177
111 112 854
758 82 656
209 569 941
724 380 137
123 142 945
663 546 800
613 139 170
499 450 802
198 97 502
713 714 295
456 380 496
74 763 777
772 773 705
131 389 383
309 310 473
295 111 831
30 31 261
562 596 469
329 328 251
475 200 109
486 485 938
515 507 238
519 185 640
453 452 694
610 611 537
683 682 675
214 119 457
199 200 747
402 403 79
543 203 489
201 200 477
494 165 954
565 151 649
430 487 139
299 300 556
535 534 284
301 302 234
628 63 167
311 382 528
363 364 10
765 766 250
395 166 510
500 418 233
129 799 574
89 236 230
373 415 56
286 287 161
737 121 327
765 360 767
702 189 17
577 236 222
518 519 464
677 676 335
278 227 543
732 733 796
775 776 386
482 512 206
438 733 799
565 566 345
103 104 225
209 210 986
635 525 146
258 495 635
587 586 379
32 31 169
467 468 795
139 297 483
447 305 751
459 364 659
473 408 953
490 491 729
486 151 794
575 574 942
437 99 688
362 361 958
110 109 896
347 346 266
118 117 182
108 695 966
751 311 915
188 366 152
672 151 466
248 345 721
101 102 896
332 333 663
610 696 655
260 259 151
719 216 404
499 555 401
270 2 685
197 196 121
584 623 804
698 693 17
779 546 638
110 66 263
783 782 75
534 492 137
253 355 443
624 290 23
150 732 781
12 13 48
775 774 211
693 692 280
379 378 334
250 92 680
604 605 956
681 680 804
704 725 223
249 250 942
205 42 356
721 401 328
376 667 615
20 449 289
320 319 624
655 7 826
273 272 346
276 277 948
411 268 956
564 263 978
244 456 110
242 749 971
341 340 167
281 248 871
68 67 827
541 394 230
760 514 668
484 485 818
48 540 843
515 344 230
573 574 518
74 75 718
189 661 240
237 238 600
383 175 775
225 226 311
622 621 697
186 608 591
483 78 939
604 62 156
247 792 244
214 182 770
432 226 821
610 761 750
183 607 131
42 694 206
170 171 63
483 85 724
439 440 560
410 409 142
372 373 973
514 379 445
685 591 812
569 570 975
34 35 916
789 525 339
390 389 762
266 716 526
430 734 397
718 717 467
529 446 828
280 281 561
655 649 121
753 754 145
591 700 968
735 67 840
503 504 100
16 234 195
489 462 750
79 86 180
416 425 624
326 784 880
546 545 925
25 522 191
702 701 557
193 94 412
401 73 322
609 762 894
776 481 69
120 560 65
45 310 632
45 719 532
593 99 440
317 318 684
179 603 576
527 528 589
175 174 368
542 469 501
690 689 521
263 264 728
107 106 460
506 507 563
432 677 607
644 547 895
464 481 129
275 276 804
369 368 425
193 39 719
784 783 125
323 311 35
92 93 98
84 85 3
675 14 730
427 428 719
696 799 754
511 93 329
278 279 354
666 539 225
563 564 223
555 556 873
219 218 62
549 550 183
186 187 11
129 130 746
75 76 878
265 475 270
281 783 587
450 447 953
263 262 208
599 377 193
124 125 720
629 444 952
630 196 170
37 38 107
602 597 132
759 38 288
727 226 907
9 10 153
506 505 158
57 58 358
771 772 171
269 578 471
542 281 880
720 641 117
283 322 878
192 193 448
214 185 15
788 124 348
709 708 346
1 577 39
469 238 348
662 499 441
104 765 722
490 489 313
442 441 949
82 83 955
260 261 599
399 398 227
734 735 167
435 391 758
546 56 345
197 198 551
322 11 724
50 49 478
620 621 579
410 411 557
426 56 4
53 54 297
293 292 784
448 194 574
87 438 758
415 512 937
603 208 325
75 398 243
160 549 614
658 659 782
94 16 357
70 69 320
444 602 485
702 749 520
401 402 116
201 644 706
464 536 879
146 334 335
51 654 729
112 113 931
608 80 310
466 465 541
4 5 789
138 436 320
552 551 171
9 447 221
375 376 172
439 228 334
799 90 993
776 242 144
732 731 624
94 147 441
353 354 923
81 82 77
27 59 129
5 6 95
746 174 487
776 777 377
316 608 161
605 482 495
412 411 88
452 612 118
277 424 958
651 650 329
26 25 360
230 459 721
679 56 123
745 744 99
755 24 926
223 15 712
63 411 971
68 783 963
418 100 637
527 391 786
339 338 514
496 497 457
251 464 588
423 424 927
308 478 718
571 572 40
331 542 270
148 147 166
317 155 42
16 17 445
789 417 260
662 661 661
604 603 778
359 358 554
364 681 193
72 525 425
790 8 906
606 651 859
723 458 877
133 134 736
568 417 681
300 674 349
451 400 500
688 687 354
306 498 385
201 202 988
533 534 208
505 504 32
711 192 679
143 678 765
210 791 500
586 577 580
36 108 726
622 375 730
786 154 684
198 701 719
744 609 149
431 430 668
508 389 960
65 394 222
589 588 686
721 720 297
624 342 111
203 202 320
590 589 760
799 785 296
163 162 492
121 122 234
202 194 804
460 491 189
625 141 199
42 184 31
568 135 327
425 235 146
297 202 363
167 168 745
239 238 411
108 61 738
312 313 695
466 306 754
578 30 106
276 376 198
230 231 754
490 325 768
764 751 8
690 438 274
744 664 367
756 795 511
469 62 505
691 690 355
150 642 790
512 366 733
698 30 452
673 672 568
532 533 415
81 600 821
169 533 97
447 542 812
309 308 215
383 382 178
559 560 428
223 224 516
109 548 841
496 796 487
774 773 27
236 12 442
254 255 921
524 525 64
210 251 787
556 331 70
523 648 208
722 716 143
2 1 168
499 165 685
21 581 240
625 112 19
520 338 685
771 600 211
672 150 36
307 308 896
307 610 808
480 481 361
210 466 926
154 468 460
687 686 585
772 404 755
107 608 212
550 99 851
49 609 94
418 651 807
374 594 774
51 50 252
68 69 280
39 38 204
679 82 723
3 2 388
489 394 379
263 297 534
83 84 507
63 569 992
674 675 199
396 395 608
460 561 713
470 768 944
516 531 713
789 790 923
596 796 214
469 143 215
397 396 186
643 644 340
222 223 191
93 94 217
368 74 707
350 349 715
66 293 247
682 501 763
269 372 252
419 314 391
285 284 600
489 172 378
638 642 626
793 792 62
661 660 843
541 540 293
536 450 741
613 612 303
756 757 545
587 129 204
361 533 49
199 198 528
114 113 178
63 760 20
750 313 778
104 105 474
305 304 292
422 423 489
356 609 176
232 233 701
680 47 127
782 373 935
655 766 509
155 581 538
406 407 730
438 439 960
585 616 127
790 626 907
250 417 812
27 475 451
691 21 234
652 507 240
48 265 723
628 629 67
548 549 341
510 511 238
32 394 226
721 10 190
339 539 17
65 64 325
56 450 369
131 130 605
646 645 326
142 498 358
679 678 865
210 468 574
618 617 392
477 322 885
443 458 731
123 124 787
31 560 115
629 700 191
576 643 319
280 378 995
257 256 388
240 513 337
385 15 651
105 319 742
361 319 387
368 367 522
636 420 376
53 199 473
1 638 921
465 350 555
436 437 568
267 268 594
767 11 926
499 591 893
92 91 778
444 176 11
769 146 15
517 554 141
487 179 557
120 121 234
501 672 294
217 218 574
335 460 291
791 792 843
504 205 665
649 648 84
553 554 400
100 380 305
432 254 322
330 329 779
734 280 762
618 375 632
497 411 783
719 720 378
383 358 417
415 389 903
143 739 841
28 29 460
398 337 416
298 297 508
196 153 12
333 334 595
157 442 104
685 523 954
606 605 320
26 27 400
501 502 180
43 44 357
656 538 887
182 181 593
341 199 221
85 438 121
588 587 145
734 159 466
770 774 462
266 267 597
755 590 135
515 730 474
680 597 563
597 596 674
88 790 919
590 20 61
207 288 381
567 566 140
679 18 484
307 31 242
188 187 214
77 19 916
211 369 89
488 489 190
249 383 62
323 557 117
116 117 40
728 315 187
680 679 825
285 516 417
90 566 308
295 166 621
245 244 772
614 615 262
313 203 400
800 748 324
653 652 697
166 452 762
139 512 166
786 785 295
520 688 293
491 492 935
759 760 698
300 321 863
456 283 806
143 145 398
47 46 416
715 716 702
444 280 539
683 581 786
37 510 695
488 487 523
547 29 161
630 631 277
507 508 447
291 672 293
500 727 629
672 137 701
70 71 779
18 129 299
240 241 58
7 521 499
710 338 855
769 449 18
109 480 287
545 671 844
316 246 897
767 258 617
726 727 328
392 391 903
602 343 238
40 134 400
70 279 812
140 681 442
791 90 459
763 452 903
2 552 486
692 714 418
698 9 255
753 752 878
177 236 616
21 20 958
539 258 463
4 3 372
625 180 846
655 727 736
462 111 483
199 500 56
655 654 491
173 174 506
708 707 175
127 459 916
791 532 163
292 291 616
630 720 294
453 383 672
290 536 696
178 179 968
330 102 728
633 772 255
517 518 552
663 134 861
154 155 79
67 714 568
661 679 222
457 456 728
99 98 453
682 796 992
593 110 211
361 488 842
442 794 967
680 661 534
321 320 288
403 413 383
641 616 766
194 193 904
437 438 295
245 707 576
681 682 751
121 554 224
379 443 46
391 532 656
455 456 371
325 311 473
519 505 628
423 671 874
350 317 457
375 368 551
247 246 114
658 359 164
284 399 186
344 345 181
710 580 586
627 758 812
611 612 572
421 422 356
581 5 944
239 618 636
158 159 867
632 530 636
793 794 871
140 366 460
186 313 155
682 458 304
635 636 94
796 160 592
423 452 878
616 217 516
527 305 542
365 480 986
485 370 691
131 426 353
3 199 773
179 221 234
191 190 536
25 216 957
230 229 872
721 184 724
353 76 156
272 271 733
471 472 484
656 655 601
475 408 992
212 391 12
110 297 973
658 366 330
587 402 955
480 479 218
790 791 464
418 388 770
353 389 996
684 685 96
664 665 418
440 358 232
143 278 497
370 201 509
725 726 314
14 15 622
719 784 583
157 156 272
794 457 713
66 433 537
513 514 950
336 592 406
319 394 951
186 771 588
499 500 37
548 709 823
747 748 62
176 175 899
734 733 635
642 643 573
152 434 443
336 337 264
752 279 179
195 303 597
784 785 883
341 342 454
115 694 741
490 21 627
357 356 397
370 371 407
364 365 244
189 685 37
622 268 427
25 552 770
429 543 866
142 141 796
24 638 43
581 580 705
454 99 971
11 10 781
389 715 305
781 731 578
91 504 462
678 677 578
520 133 704
686 352 419
381 382 174
414 502 234
682 469 784
194 195 71
36 35 839
416 417 326
285 632 522
392 393 771
533 431 131
424 150 199
179 637 753
433 261 176
199 243 178
605 169 869
526 527 188
243 239 570
689 688 429
433 432 26
473 474 512
289 288 632
260 113 838
222 599 790
177 178 813
765 661 760
143 142 518
114 115 682
398 433 565
654 601 559
382 262 697
735 736 314
119 776 23
338 156 81
596 710 797
632 631 838
561 562 697
202 629 526
445 446 150
636 637 308
91 90 706
731 278 856
101 100 767
359 360 167
695 56 48
293 344 738
475 446 913
452 154 554
28 206 187
463 464 351
335 334 440
434 533 896
281 282 132
549 645 931
759 758 367
235 746 677
304 355 484
27 710 508
32 104 488
670 671 360
110 600 126
362 473 522
787 786 235
331 104 175
292 318 694
48 51 24
705 189 471
140 267 499
27 28 859
601 400 391
120 119 699
471 164 18
406 405 594
647 646 552
24 23 798
718 417 441
154 77 149
504 580 154
30 338 731
100 586 756
770 575 955
675 428 789
270 271 760
431 432 481
105 787 88
647 126 87
164 163 984
356 61 854
665 324 991
224 225 93
227 704 2
202 718 464
452 23 182
54 55 933
323 691 159
768 340 573
575 576 149
628 151 919
78 135 404
561 679 390
89 88 129
278 231 836
309 572 158
594 669 573
232 231 851
706 707 674
295 510 226
150 280 882
183 399 922
354 355 994
610 3 924
756 187 328
657 656 544
245 246 654
671 10 371
509 247 570
420 419 824
54 26 863
291 631 733
315 316 519
269 209 487
496 776 105
474 475 111
451 42 693
273 274 742
662 663 714
394 393 45
331 323 233
674 629 390
501 135 903
385 386 100
542 170 940
373 585 663
798 797 23
335 336 838
100 8 126
53 52 793
40 41 881
409 408 1000
128 127 468
384 385 647
565 19 570
60 59 603
519 549 501
555 488 973
215 214 951
22 12 901
512 373 392
610 134 690
147 504 217
49 288 518
750 751 770
467 466 826
387 664 480
531 530 782
174 765 675
454 787 555
434 431 906
741 742 103
266 265 381
131 132 522
79 152 579
17 130 572
76 718 688
68 22 426
624 625 425
501 500 333
742 243 231
157 414 72
446 447 474
277 705 379
697 662 742
67 97 439
659 660 921
40 275 505
594 593 115
247 626 149
78 77 775
764 287 942
205 572 849
49 365 788
445 444 469
41 662 49
111 258 215
343 344 439
338 337 408
793 405 81
453 716 226
147 325 159
160 159 119
260 341 642
788 787 977
672 671 614
639 638 254
21 22 876
266 647 555
529 528 816
283 249 423
14 13 168
265 264 273
148 448 780
419 435 666
712 713 846
374 565 565
274 199 420
237 163 452
339 502 308
476 710 208
251 418 174
190 189 746