800 2000 10
0
0
1 1
0
1 6
1 3
1 4
1 4
0
0
0
1 4
1 5
1 5
1 3
0
1 3
1 6
0
2 3 7
0
1 3
1 5
1 4
0
0
1 4
0
1 9
1 5
1 9
0
1 1
1 4
1 1
1 4
0
0
0
2 1 3
1 7
1 9
1 2
0
3 3 4 5
0
1 3
1 9
2 5 6
1 3
1 9
0
0
0
0
1 4
1 1
0
0
0
1 1
0
1 3
0
0
0
2 5 9
1 4
0
0
1 6
1 6
1 5
0
0
3 4 7 9
0
2 4 9
2 7 9
1 1
0
0
0
2 4 6
1 5
1 5
0
0
0
0
0
1 3
1 9
0
0
0
0
0
1 7
0
1 3
1 5
1 1
0
1 4
0
1 5
2 1 4
0
0
1 7
3 1 6 7
0
0
0
0
1 1
0
0
1 3
1 4
0
1 9
1 7
1 6
0
0
1 3
0
0
1 3
0
2 3 7
0
3 6 7 9
2 1 3
1 7
1 5
0
2 3 6
2 3 9
0
0
1 6
2 5 6
0
2 4 7
1 6
1 1
0
0
0
0
2 3 4
0
0
1 1
1 6
0
2 1 7
1 7
0
1 9
0
0
1 3
0
1 1
2 4 9
1 2
0
0
0
1 6
1 7
1 7
0
1 8
0
0
1 9
1 6
0
0
0
0
0
0
1 7
0
0
2 7 8
0
0
1 5
1 5
0
0
2 1 7
2 4 9
0
0
1 7
1 4
0
0
1 9
1 9
1 4
1 6
1 5
1 6
0
0
1 5
0
0
1 7
0
3 1 5 10
0
1 4
1 9
1 5
1 1
2 4 9
2 7 9
1 9
1 6
0
0
0
1 7
1 4
0
0
2 4 7
1 9
0
0
0
1 1
0
0
1 2
1 1
1 6
0
2 6 9
0
0
1 9
0
0
3 1 5 9
0
1 4
2 2 7
1 5
0
0
1 9
1 1
0
0
2 5 9
0
0
0
1 4
1 4
0
0
1 9
0
2 5 9
1 7
0
1 7
0
2 1 3
2 7 9
1 6
0
2 3 4
0
0
0
1 2
0
0
0
1 7
2 4 7
1 3
1 3
1 9
0
1 4
0
1 7
2 3 9
0
0
1 9
0
1 1
1 7
0
2 4 7
0
0
0
0
1 3
0
2 1 9
0
2 1 5
0
0
2 7 9
1 1
2 1 3
1 7
1 9
0
0
1 7
1 9
0
1 7
1 1
1 9
1 6
2 4 6
0
2 5 7
0
0
2 4 5
2 6 9
0
0
1 4
1 4
1 4
0
1 4
1 8
1 1
1 4
0
1 10
0
1 5
0
1 3
1 9
0
0
1 3
1 6
2 3 9
0
0
1 1
0
1 5
1 1
2 4 7
0
0
1 5
0
0
2 1 6
1 6
1 6
0
0
0
0
0
1 7
0
1 6
1 1
2 6 7
1 1
0
1 4
1 4
0
2 3 6
0
1 1
0
2 1 3
2 5 9
0
0
0
1 4
0
2 1 7
1 7
0
2 3 4
0
2 7 9
0
1 5
1 1
0
0
0
0
1 9
0
1 10
0
1 4
2 4 6
0
0
0
0
0
1 5
0
1 7
2 1 9
1 4
0
0
0
1 5
0
0
2 7 9
0
0
2 1 9
0
1 4
0
2 2 9
0
0
1 9
0
0
1 5
1 9
0
1 5
0
1 7
1 4
0
0
0
0
0
2 4 6
0
1 7
2 3 9
2 5 9
0
1 4
0
0
1 1
0
0
0
0
1 5
0
0
2 4 10
1 10
1 3
1 3
1 7
0
0
0
1 3
0
0
1 1
1 7
1 6
1 3
0
1 9
2 1 4
0
0
0
0
0
0
1 6
0
1 4
1 9
0
0
0
0
0
0
0
0
2 1 5
1 6
2 5 9
0
2 1 9
1 9
1 7
0
0
0
0
2 4 7
0
1 7
1 6
2 9 10
0
0
1 7
0
0
0
0
1 5
2 4 9
3 3 5 6
0
0
2 5 7
0
1 4
0
1 3
1 1
1 3
0
2 7 9
0
1 4
0
0
0
0
2 1 5
1 5
0
0
0
3 7 9 10
0
1 3
2 1 5
2 3 7
1 5
0
2 3 9
2 7 9
1 5
0
0
0
0
0
2 3 7
2 1 4
0
0
1 7
1 9
0
1 7
1 1
1 4
0
2 4 7
2 1 7
0
0
1 5
1 3
1 9
0
1 7
1 1
0
1 9
1 1
1 5
1 3
0
1 5
1 5
0
0
0
0
1 9
0
0
0
1 5
0
0
1 6
1 3
0
0
0
2 5 7
0
1 1
1 2
1 5
0
1 1
0
0
0
2 1 3
0
2 1 8
2 7 9
0
1 4
1 5
1 4
0
1 2
1 4
0
0
1 4
0
0
0
0
0
1 1
1 7
1 4
1 9
0
0
0
0
1 9
0
0
1 4
1 9
0
0
0
0
0
1 6
2 1 9
0
0
0
1 3
2 4 7
1 3
0
1 5
1 1
1 5
0
0
0
0
0
0
0
1 4
1 6
0
3 5 7 9
0
0
1 3
1 9
1 5
0
0
0
1 4
0
1 5
0
0
1 7
1 5
0
2 3 9
1 4
2 4 7
2 5 6
0
2 3 6
2 3 10
0
0
0
0
2 1 7
1 9
0
1 4
1 9
0
0
1 7
0
2 3 5
1 6
0
1 5
0
0
1 3
0
1 3
0
1 7
0
0
0
0
0
1 5
0
0
1 1
1 6
1 5
0
0
1 4
0
2 1 3
1 6
0
2 3 5
0
0
1 4
0
1 9
0
0
0
0
0
1 1
0
0
2 3 6
1 5
2 1 5
0
0
2 3 5
1 3
0
0
1 6
0
1 7
0
1 3
1 3
2 4 5
0
0
1 9
2 3 7
1 3
1 5
0
0
1 4
33 32 22
243 221 530
667 45 759
310 271 444
90 331 554
258 389 321
304 255 50
380 538 688
641 738 790
96 47 666
158 670 733
90 297 36
290 588 669
343 366 741
141 695 95
36 771 367
40 52 866
107 58 602
791 623 778
233 47 259
729 53 420
501 408 211
170 524 452
66 419 402
755 796 72
98 90 990
88 69 709
123 408 714
440 456 772
574 564 113
44 165 54
106 80 492
608 157 188
209 429 292
286 599 751
137 509 55
49 8 694
85 371 960
621 88 845
556 210 797
57 207 807
700 140 980
621 631 188
228 487 585
654 719 235
157 765 205
18 11 981
129 82 509
62 39 748
350 199 927
470 20 176
490 423 701
371 341 882
273 329 694
505 656 810
412 659 33
264 354 427
476 659 103
248 357 16
266 299 306
429 761 639
122 108 469
542 457 93
413 765 154
386 199 260
672 497 913
438 585 593
620 634 884
208 39 315
536 104 625
63 221 52
103 688 782
618 122 781
11 244 989
73 289 732
278 62 85
459 242 606
285 59 915
474 323 492
311 584 633
670 28 561
92 458 553
295 318 112
584 578 708
621 202 914
760 306 387
647 431 597
64 452 837
793 410 364
60 751 133
511 386 356
529 666 657
75 177 715
663 443 173
124 534 440
71 784 213
188 108 632
189 385 480
190 277 592
639 108 89
631 580 63
708 378 352
673 691 678
178 465 499
475 130 784
685 489 809
167 328 613
247 358 154
9 8 397
495 571 926
359 487 435
57 365 1000
420 202 991
396 698 254
270 218 569
733 579 425
572 136 493
98 160 239
601 568 587
585 101 455
309 663 144
310 287 802
61 79 295
682 40 224
46 717 614
295 598 521
626 370 357
340 280 373
399 76 612
601 182 878
135 374 6
217 725 230
321 194 84
12 106 802
205 82 650
181 131 248
134 312 77
35 344 604
176 109 301
790 8 28
666 173 785
101 183 804
753 429 422
344 71 899
473 717 65
279 442 343
334 652 844
212 574 74
793 448 110
686 617 930
60 692 559
130 106 767
50 353 309
727 769 377
438 383 875
122 455 458
255 659 333
206 552 514
12 223 51
466 321 974
611 74 969
730 383 641
182 203 241
690 436 478
14 539 660
249 361 866
145 129 1000
224 595 732
308 395 426
685 297 930
160 235 499
250 511 111
396 775 723
286 296 839
285 216 566
743 563 99
636 650 790
742 32 50
584 674 597
151 84 407
324 460 179
294 546 886
324 391 880
545 570 974
646 84 802
630 341 527
105 110 149
149 209 951
266 38 559
134 426 702
653 530 571
405 218 665
190 435 677
614 33 398
389 691 15
631 8 68
429 236 65
124 184 902
59 704 622
659 136 31
57 609 412
340 688 668
784 455 16
137 425 594
92 541 74
329 207 313
41 105 850
431 513 30
300 374 949
592 218 125
669 466 385
389 299 825
18 707 705
484 371 597
309 651 268
35 7 956
254 499 969
760 726 68
26 711 280
681 226 775
371 580 786
634 632 747
81 33 808
237 281 60
143 382 670
606 231 364
105 550 787
799 42 737
612 567 50
582 417 455
527 716 403
59 581 862
119 522 83
756 360 541
565 136 639
512 793 133
27 531 766
304 158 854
236 627 839
108 65 545
378 779 103
447 618 943
90 134 897
237 34 391
109 50 951
407 380 149
262 662 375
537 621 634
408 657 819
207 142 331
789 145 74
247 38 732
100 33 836
29 293 87
195 772 815
3 391 426
553 691 107
429 694 686
111 496 858
301 455 643
175 236 551
137 147 159
470 11 897
678 582 228
31 47 677
790 510 301
461 104 664
581 121 856
250 209 125
231 536 91
613 508 773
387 175 103
739 779 328
406 780 866
195 51 795
10 533 7
700 55 499
649 553 352
40 141 128
67 530 57
727 323 868
90 68 306
624 37 209
454 791 340
19 103 586
151 484 593
15 290 519
12 433 61
311 73 297
543 456 297
613 411 1
203 444 906
532 246 944
614 725 787
368 714 523
327 282 461
92 103 997
566 795 669
459 638 77
105 1 575
3 88 782
723 726 530
51 43 487
121 706 463
361 216 252
189 400 775
559 354 321
730 256 126
526 596 804
511 752 9
96 534 23
33 735 536
50 396 800
200 343 855
199 186 48
480 160 710
326 362 968
705 634 652
534 266 45
83 151 802
422 161 317
431 60 307
154 151 419
12 73 926
638 503 598
221 498 372
312 48 408
551 152 608
563 344 430
280 474 899
308 147 280
51 130 520
720 397 210
57 170 998
348 151 277
462 471 749
185 630 312
496 78 130
366 681 762
338 394 563
8 5 353
356 496 279
273 573 111
695 196 842
136 170 502
239 41 236
68 71 328
294 66 76
163 594 362
521 173 704
21 573 487
262 449 449
363 414 19
214 645 380
691 648 442
164 518 150
631 760 286
153 506 584
572 244 742
218 685 888
317 685 912
150 593 276
779 358 676
190 41 660
541 121 598
752 613 189
798 527 745
603 766 13
302 11 699
164 275 18
454 321 852
665 751 565
70 641 285
305 235 685
364 582 899
649 241 921
740 134 488
387 645 205
787 437 620
345 625 563
167 147 422
51 680 639
645 729 874
213 527 329
214 277 985
690 532 961
194 148 319
369 224 181
294 560 391
779 799 37
186 683 770
492 70 917
295 151 208
385 309 748
245 7 309
680 388 60
33 175 126
530 668 639
302 66 910
123 24 91
283 65 847
531 243 933
777 766 372
798 389 227
388 158 532
736 409 368
556 173 878
49 619 983
593 295 114
773 466 569
200 432 285
270 464 165
172 359 986
516 526 849
256 797 397
205 330 999
387 472 407
78 541 244
485 618 63
399 641 926
616 648 386
338 96 659
440 432 852
158 457 669
336 622 25
533 32 749
753 14 916
221 249 413
394 365 709
271 282 317
624 581 21
449 485 891
38 424 130
383 144 731
777 229 235
475 89 350
247 482 214
659 194 991
716 687 61
728 263 174
724 316 952
799 497 490
142 403 820
622 531 820
708 101 161
26 14 640
162 617 717
381 516 900
712 628 468
573 628 614
786 792 961
14 387 680
153 67 676
423 564 878
184 11 782
141 454 707
15 323 823
164 434 211
432 454 575
682 676 829
658 610 523
567 228 241
120 110 765
426 44 221
721 522 945
164 722 906
686 350 554
324 193 712
201 148 223
132 141 394
489 334 210
153 36 463
587 160 79
103 436 95
788 667 244
68 453 944
371 263 77
734 127 104
769 603 464
168 52 845
123 275 614
652 421 867
512 789 189
457 115 631
123 14 700
445 193 13
188 466 553
51 376 527
4 507 552
94 782 536
772 271 944
621 529 552
679 600 291
86 128 106
296 439 784
180 81 190
320 410 392
617 699 200
34 466 215
394 64 44
97 591 710
197 97 708
91 101 508
299 538 122
600 560 220
504 376 190
694 560 730
535 453 589
288 268 385
92 756 466
450 24 577
334 348 736
437 667 301
379 304 904
186 383 95
58 378 289
201 206 823
731 186 266
783 321 553
346 258 507
177 51 644
398 165 568
640 159 403
262 168 306
216 115 552
335 367 66
469 550 927
608 76 328
741 246 728
8 17 234
687 539 49
744 366 686
111 77 211
409 430 871
434 597 641
234 214 517
44 61 908
154 370 846
562 666 690
206 41 293
453 518 518
343 520 102
490 792 686
131 317 570
786 126 535
135 27 846
350 467 829
655 473 620
40 63 763
32 16 95
590 348 681
433 222 385
538 589 804
472 588 732
798 742 990
322 554 361
789 153 90
635 273 883
93 531 983
552 532 695
743 150 857
562 102 535
620 356 601
245 4 200
242 234 69
798 570 777
304 95 448
393 261 720
584 712 556
140 537 252
29 18 626
403 501 290
103 229 871
358 177 813
434 42 975
240 10 525
416 554 739
69 186 295
177 213 531
159 437 685
477 447 234
11 92 612
543 758 283
711 77 860
660 69 992
584 242 589
297 323 447
363 637 809
180 101 318
56 749 779
657 244 863
83 58 301
281 574 479
271 387 849
396 703 168
48 307 928
40 159 65
404 476 327
790 499 747
793 638 277
612 619 175
175 294 596
575 127 465
526 292 398
306 793 767
595 117 666
6 15 865
783 683 21
21 85 830
397 622 115
561 103 168
168 225 180
36 400 531
208 174 102
169 4 312
449 170 435
72 625 480
231 595 917
66 740 257
497 600 562
397 376 753
51 80 291
440 37 319
414 784 119
332 578 586
459 643 710
735 601 364
191 282 212
773 788 571
758 195 842
169 507 698
610 446 228
8 131 370
190 251 398
107 123 507
116 380 724
191 74 879
491 665 927
454 756 167
249 71 620
165 158 944
363 368 704
737 512 911
560 787 764
649 227 122
540 484 603
227 239 265
596 3 846
32 372 640
284 205 376
659 502 102
548 284 366
767 290 877
567 480 248
49 4 374
104 60 435
51 561 648
207 759 743
95 8 284
442 15 522
585 545 879
41 509 895
597 772 73
499 388 7
334 663 586
37 267 209
743 415 22
155 203 597
374 251 607
468 389 950
413 177 809
135 358 371
387 776 946
186 250 328
315 198 614
606 3 438
151 720 820
159 587 647
608 537 838
520 566 303
285 387 221
156 15 381
103 459 919
729 563 543
316 526 80
355 437 890
96 29 193
562 449 190
12 400 939
734 632 461
49 263 694
669 224 619
409 227 974
122 269 470
416 237 80
79 761 847
477 785 416
59 190 302
406 559 448
79 87 478
258 232 2
720 96 837
172 252 95
577 689 863
377 440 815
419 410 256
368 148 894
489 532 673
194 743 382
38 265 526
705 633 618
71 111 595
780 373 426
215 274 320
382 99 462
44 117 599
737 722 243
421 58 907
446 194 792
496 92 667
442 7 658
595 151 139
407 9 479
449 534 967
706 317 782
448 232 632
429 484 790
273 417 933
173 57 168
699 582 914
65 216 137
513 571 984
154 793 65
621 444 445
55 155 303
502 625 176
228 80 636
659 303 962
606 253 785
694 176 849
482 480 84
49 167 722
113 251 696
432 788 781
338 726 829
391 93 116
288 300 455
202 441 619
700 325 356
595 275 254
605 477 563
43 36 936
468 387 840
340 740 160
484 269 449
725 74 227
202 91 10
61 683 189
762 60 626
143 26 731
122 573 589
81 209 93
333 340 595
75 5 659
102 72 206
586 635 435
97 558 355
49 298 186
744 712 601
624 506 275
159 264 146
393 503 276
264 78 765
451 729 245
689 647 294
49 333 256
189 338 23
414 566 631
363 228 642
234 256 711
170 104 477
72 746 289
10 468 997
413 781 835
290 36 812
181 537 673
10 231 207
71 658 157
287 72 37
188 215 983
462 131 161
630 584 342
112 90 96
14 725 462
7 702 275
75 704 352
514 297 125
641 404 929
404 619 862
140 96 950
69 710 70
204 94 942
459 107 136
64 127 701
128 797 350
670 770 979
437 57 173
381 232 389
299 1 481
209 382 92
90 95 176
77 89 872
126 114 728
245 160 292
709 319 712
224 161 282
350 452 888
490 454 825
167 464 211
703 602 24
380 622 571
343 713 977
23 5 871
216 745 822
735 502 782
125 38 168
340 247 977
375 754 38
347 302 15
158 151 252
456 70 169
36 405 45
35 208 824
95 99 639
19 15 274
738 636 818
728 360 331
402 724 779
479 444 111
442 516 225
757 533 744
789 388 745
210 114 709
22 15 951
369 77 579
315 476 458
12 384 578
226 109 152
20 5 931
232 76 725
114 200 802
293 262 983
34 69 215
229 291 234
696 382 251
298 325 150
534 711 387
132 276 435
240 379 320
263 247 839
595 377 387
77 562 605
782 77 297
798 347 980
378 735 593
414 627 483
210 638 175
522 416 363
486 28 52
84 369 422
136 377 981
133 13 255
430 321 19
418 182 207
762 689 14
449 193 959
701 54 333
756 687 677
547 726 838
515 448 229
294 480 453
71 73 898
78 240 181
153 18 166
332 51 666
733 594 578
712 688 401
700 144 752
356 441 630
687 341 598
220 708 206
107 92 560
458 281 462
626 116 168
674 436 110
187 734 787
136 19 429
71 445 811
103 794 976
509 674 523
732 443 293
685 612 120
158 504 833
181 498 257
439 286 472
7 762 329
90 124 706
640 522 982
757 261 202
265 444 630
592 80 219
76 788 799
745 787 407
11 332 561
557 614 385
371 433 392
265 369 394
317 4 4
325 385 277
638 341 934
133 93 380
225 461 421
179 169 753
486 192 893
629 533 249
516 339 15
319 15 959
251 561 515
44 90 973
253 234 996
221 475 471
59 211 771
734 710 695
417 235 398
675 646 228
655 160 37
376 664 25
210 713 222
706 613 532
179 552 541
442 347 840
346 364 495
763 9 794
299 316 676
539 369 799
243 746 131
487 27 423
264 647 896
544 95 94
128 782 951
483 410 892
438 440 527
301 438 953
339 70 196
312 88 590
229 726 572
230 789 280
337 151 767
78 425 739
278 163 639
68 22 819
609 733 707
369 167 216
114 194 450
329 653 196
553 538 313
156 401 687
349 101 647
614 468 541
476 429 924
502 135 587
362 432 298
468 160 523
679 687 765
256 208 76
365 578 380
792 567 4
229 124 705
393 201 299
211 331 801
704 399 454
129 713 542
44 635 469
336 64 661
565 338 996
400 522 366
591 8 821
643 216 344
598 232 998
83 210 53
788 51 985
462 498 905
27 142 523
730 388 891
228 627 437
55 44 393
256 741 869
440 307 366
604 481 593
97 17 487
788 512 608
694 290 536
472 116 751
63 336 564
93 91 832
185 9 993
671 193 304
47 21 135
260 76 182
549 159 976
330 401 517
58 52 532
279 5 194
200 314 800
207 361 77
53 466 901
61 668 3
205 4 45
602 294 398
144 61 582
695 702 162
291 84 814
280 741 410
550 516 27
265 27 275
612 108 250
351 86 728
25 38 284
186 390 352
279 765 593
75 78 306
557 678 27
344 428 875
336 403 633
129 491 883
728 740 87
296 527 490
148 24 510
271 478 871
606 362 614
295 190 430
417 670 138
610 561 416
27 21 688
364 99 984
203 432 510
246 686 571
756 457 143
538 545 871
651 95 216
681 229 561
268 488 746
678 77 608
696 687 624
47 54 588
54 232 621
693 120 402
129 591 931
686 726 562
63 161 681
5 404 612
282 4 704
505 476 581
421 84 119
295 542 706
644 537 531
613 674 242
534 226 265
54 228 641
134 70 652
754 232 894
543 576 985
363 600 863
650 218 332
41 271 149
766 48 108
784 77 359
46 570 21
153 605 156
460 579 433
287 727 62
282 491 433
772 646 875
351 696 542
359 181 487
714 626 541
255 151 745
443 20 818
471 570 297
135 595 229
63 139 631
12 343 437
36 219 862
709 144 819
478 522 241
122 85 35
55 519 745
392 778 906
147 751 666
217 702 601
603 231 694
314 527 529
704 304 488
133 428 4
13 168 600
40 66 447
1 297 47
302 605 811
65 44 524
433 92 201
309 281 469
12 232 135
625 676 178
207 563 609
194 466 912
639 257 96
614 337 151
629 548 207
184 577 188
45 557 15
60 331 868
469 117 790
142 266 197
11 781 249
739 124 465
404 170 173
725 712 264
53 318 319
548 435 910
221 76 704
136 272 269
549 551 907
483 675 250
552 412 727
610 66 156
550 463 8
93 556 968
264 663 953
773 292 867
492 543 210
115 646 913
562 376 454
339 381 800
635 612 919
449 93 149
153 500 93
228 190 284
606 313 819
620 661 793
778 302 6
3 682 69
570 788 335
3 7 644
294 158 929
135 220 53
737 194 262
490 619 761
31 4 763
649 541 387
141 179 365
406 569 213
720 331 292
528 139 579
47 512 504
531 680 112
204 770 352
168 296 245
751 61 751
44 25 953
532 469 475
239 766 467
239 169 682
588 404 108
619 229 555
439 210 161
596 145 706
263 588 477
256 253 238
147 451 298
183 435 406
735 768 821
470 142 831
623 158 360
34 14 988
33 677 358
524 368 790
768 202 31
370 434 565
5 40 522
466 656 354
172 679 860
248 143 785
611 191 679
698 68 805
107 573 752
479 693 307
282 110 841
382 473 167
699 727 900
700 511 121
310 252 854
686 97 906
6 3 867
266 251 134
175 168 217
158 159 324
697 522 148
701 537 600
574 292 823
105 356 668
147 606 309
264 544 845
61 739 895
740 221 217
44 702 659
288 740 853
159 30 356
273 147 285
131 684 35
366 451 398
594 246 256
600 301 734
333 750 804
230 355 748
553 586 841
246 129 342
12 557 897
62 398 483
11 279 477
455 465 334
24 86 330
174 25 120
478 207 118
66 185 33
636 544 212
343 157 370
472 130 266
761 573 878
64 80 829
475 408 776
633 14 61
266 349 167
669 183 64
671 211 445
24 616 831
323 772 620
762 322 811
722 696 575
751 730 823
323 204 893
613 197 30
430 10 409
210 672 830
479 331 505
2 527 891
457 342 358
58 114 701
468 610 630
551 560 447
119 370 426
9 378 677
800 726 386
577 468 491
68 94 912
482 300 751
337 52 140
72 183 195
530 619 983
462 485 963
182 771 785
193 277 307
115 118 53
89 664 600
457 141 55
684 471 910
292 151 646
515 325 399
16 66 520
25 80 49
45 21 654
423 32 764
779 198 554
63 178 350
721 467 427
748 494 465
452 121 312
315 424 268
156 360 482
718 219 89
85 718 974
792 627 892
77 372 561
100 681 824
652 507 359
406 650 294
306 17 994
323 394 642
462 86 298
550 190 729
528 644 870
24 794 830
795 556 839
451 629 707
46 48 552
296 321 486
277 525 692
647 449 454
387 782 56
666 56 280
301 186 399
298 253 497
492 592 34
218 241 926
41 196 891
588 369 725
704 171 494
699 105 232
401 356 546
763 737 67
270 670 180
482 214 914
186 151 441
448 764 876
305 672 624
202 555 807
227 235 861
52 53 133
135 678 13
755 706 519
699 755 749
78 179 366
398 628 450
312 342 876
53 74 802
129 496 597
11 631 232
153 164 36
100 163 692
186 427 881
707 258 383
244 435 122
150 756 435
479 372 924
243 62 13
43 59 362
768 168 292
749 421 496
793 757 318
160 100 340
50 495 33
9 11 191
280 138 210
599 482 905
363 340 366
174 625 76
461 645 321
136 16 982
466 372 497
521 447 302
314 430 343
752 644 935
749 758 49
580 745 681
74 231 331
240 105 670
48 536 213
222 469 871
339 627 227
744 197 399
605 500 490
644 780 852
203 77 872
342 721 945
583 763 917
224 356 424
788 1 423
87 378 791
629 382 500
114 442 862
32 704 102
586 629 909
612 634 318
322 2 457
463 332 108
428 242 509
797 698 203
598 25 315
669 701 168
737 7 912
661 471 280
313 272 921
759 79 566
116 147 786
482 254 62
184 343 455
485 272 914
712 346 572
103 114 859
452 641 844
644 656 417
52 196 37
632 401 348
659 630 663
93 119 466
91 52 987
45 194 606
257 94 232
715 266 862
419 112 315
565 281 678
493 53 791
624 200 980
46 15 220
394 56 405
212 64 230
48 70 698
392 456 446
394 384 769
656 746 191
91 90 181
50 351 812
15 64 416
82 418 234
563 215 921
245 62 475
725 134 754
729 550 164
630 85 513
315 393 920
366 453 611
668 651 924
64 204 295
481 13 732
670 397 655
395 605 365
179 718 596
336 364 31
475 104 173
385 84 376
25 480 474
138 81 913
328 412 945
787 322 491
56 30 429
482 5 846
118 665 537
172 10 816
566 33 3
293 488 400
499 244 253
509 278 985
10 9 173
222 414 320
685 753 282
385 297 946
376 793 988
698 712 444
28 617 389
244 605 119
648 736 586
796 432 526
335 305 798
179 435 791
318 723 329
696 507 502
316 44 846
690 598 692
84 124 134
400 749 609
14 4 79
237 602 602
219 368 825
570 439 348
163 284 336
305 604 722
214 71 669
765 185 835
799 722 936
283 52 554
342 377 580
535 149 354
298 197 874
769 301 533
148 517 539
10 57 199
433 10 45
799 114 278
565 139 710
88 353 487
152 341 451
453 49 369
586 648 172
530 336 806
534 608 913
30 50 309
12 115 844
715 280 984
285 360 242
612 530 445
81 704 209
425 79 94
684 403 938
664 343 682
181 627 878
34 706 889
606 415 254
764 50 872
409 515 458
14 39 423
759 471 253
302 309 578
463 140 379
459 475 681
480 155 671
481 278 325
759 313 174
314 701 157
528 402 336
378 575 219
113 20 851
260 62 317
563 768 44
260 307 648
606 794 866
589 289 624
96 198 140
546 561 333
575 474 889
612 723 404
285 127 399
196 400 800
266 16 878
496 630 47
257 24 798
498 153 742
266 599 220
610 579 479
18 25 525
328 345 561
540 98 961
331 230 979
46 279 718
267 402 124
438 564 368
470 771 121
130 557 398
561 627 865
244 668 963
218 163 169
193 334 260
666 467 659
50 43 692
581 65 845
769 788 64
473 502 286
2 653 387
778 726 889
580 536 202
791 694 513
157 546 813
473 581 951
359 662 178
555 361 438
568 244 317
595 429 842
731 747 106
524 236 522
422 382 818
325 615 717
293 241 882
450 200 938
54 372 611
794 217 435
750 709 356
723 85 135
367 263 933
73 687 434
480 295 504
581 786 347
2 5 558
1 3 89
587 331 798
526 216 633
797 172 947
523 379 66
647 633 892
439 195 481
471 163 874
532 345 283
557 53 502
543 625 620
401 446 485
725 22 973
456 281 810
134 363 201
444 616 729
760 519 677
11 743 146
222 152 570
641 23 546
319 145 131
666 756 701
60 567 431
115 132 139
636 122 763
97 450 207
416 578 636
311 224 815
513 155 272
106 562 591
460 348 706
177 63 520
71 447 751
731 311 738
59 616 112
133 259 821
28 36 862
351 136 55
590 572 910
487 540 793
67 18 420
264 71 915
311 147 468
135 177 134
210 108 346
138 54 901
708 526 521
286 245 354
217 204 423
726 609 69
5 291 785
401 615 403
374 385 737
27 508 919
330 43 348
448 618 452
54 768 429
532 234 669
578 525 643
599 426 291
419 201 65
208 608 632
793 21 910
231 415 106
561 329 874
795 188 511
131 372 819
60 46 571
653 111 974
659 121 838
87 217 865
13 11 462
26 190 985
152 31 707
153 494 557
672 189 997
421 542 916
506 790 417
246 433 354
760 66 651
397 449 922
317 304 388
196 519 854
281 720 673
560 143 267
9 70 18
392 137 769
515 62 700
203 326 546
633 757 42
286 351 634
3 4 732
211 466 97
249 143 641
365 425 498
3 21 865
745 218 951
594 494 105
735 538 961
427 454 90
787 629 966
584 354 578
566 720 572
217 244 288
497 156 243
208 369 7
314 267 748
282 15 919
33 91 451
104 240 486
169 375 41
327 41 457
163 510 285
793 598 905
269 131 125
713 643 913
485 732 462
785 581 815
468 800 413
492 484 814
481 318 588
221 198 90
763 415 743
54 184 929
527 578 699
579 5 448
155 9 151
121 79 30
17 72 460
416 678 673
798 438 381
99 324 683
77 268 295
312 800 612
360 645 489
229 216 636
461 368 246
37 23 146
496 588 201
86 224 593
377 8 112
500 277 464
607 338 975
629 541 35
272 661 394
221 757 2
246 305 172
272 396 371
11 12 812
445 190 157
32 146 229
728 542 340
373 106 728
269 568 574
798 19 276
391 2 745
644 378 526
339 39 796
252 689 792
318 691 515
556 328 693
572 276 675
434 527 227
714 283 328
195 702 497
334 8 322
756 257 924
505 428 115
541 560 96
242 350 923
162 75 400
364 747 447
636 56 805
39 182 229
490 489 879
4 21 439
115 541 641
328 411 703
787 270 419
520 137 707
773 268 597
52 213 464
315 256 290
202 196 579
40 84 147
35 185 165
29 329 104
550 3 467
729 46 523
446 548 887
193 9 599
586 41 501
28 323 218
654 600 79
286 748 595
18 402 317
338 337 15
415 165 82
11 24 642
371 462 952
15 82 172
119 67 106
187 106 643
238 587 70
24 425 272
633 447 339
366 144 550
118 19 417
297 428 522
263 174 821
150 15 272
27 76 596
17 30 950
300 20 426
786 538 562
264 708 324
116 55 960
42 7 85
526 178 219
140 241 670
523 457 54
207 198 195
462 619 965
172 93 356
789 781 462
2 445 755
64 222 600
375 206 997
774 438 264
116 334 588
25 603 363
607 734 636
106 416 42
352 132 478
636 5 430
73 14 591
686 242 192
149 39 493
85 157 845
419 345 395
351 547 703
245 405 885
470 505 976
211 689 21
135 769 837
433 758 449
137 645 178
5 28 237
718 267 373
583 244 907
368 540 711
735 681 55
549 430 635
184 320 545
689 764 911
745 79 844
462 469 635
113 246 52
85 701 64
335 476 666
163 796 796
221 607 609
427 795 360
461 190 579
729 130 252
656 126 465
248 135 258
206 302 726
535 33 445
286 303 837
714 420 127
232 597 790
330 690 44
44 488 947
193 33 113
730 10 701
42 73 328
753 424 305
361 431 369
1 81 489
142 283 856
757 733 414
156 218 333
121 397 558
737 426 669
169 251 451
565 454 235
45 579 849
406 172 507
746 70 141
646 293 315
90 334 996
603 585 996
406 754 160
238 689 151
418 238 168
497 765 747
780 241 674
381 191 299
430 195 558
494 421 820
416 344 734
637 65 709
601 338 547
358 793 218
252 653 192
566 123 97
567 6 979
583 297 244
376 597 810
654 578 536
778 6 558
5 41 825
16 166 401
567 435 939
395 351 274
395 309 376
83 673 497
366 777 444
598 531 282
497 380 221
227 93 948
238 188 374
137 47 435
515 500 280
578 397 623
723 145 345
302 316 750
338 642 709
280 102 47
325 61 332
212 66 576
123 755 684
602 515 525
415 793 595
666 424 791
535 392 507
635 494 656
427 354 619
16 6 951
384 284 947
463 52 859
666 695 763
37 697 756
141 254 578
102 523 919
365 696 121
508 264 843
245 657 683
222 230 833
252 183 453
106 576 237
554 349 475
276 383 170
100 146 74
681 409 254
790 191 986
90 751 242
728 449 757
531 519 469
131 493 150
164 192 558
498 470 486
614 115 725
461 520 243
236 64 123
533 543 10
767 560 797
608 532 817
43 376 209
537 503 840
131 65 785
244 601 98
470 389 848
95 710 724
800 133 431
632 539 576
137 121 610
637 295 451
438 721 165
198 529 907
261 7 634
441 737 892
667 359 496
733 587 229
162 693 554
367 563 945
247 78 178
150 648 924
320 303 699
42 428 676
425 155 325
171 71 55
751 116 590
576 642 181
79 212 199
495 83 813
502 374 268
641 20 216
405 314 704
289 331 559
1 2 270
132 509 371
352 398 258
111 667 10
581 463 128
458 666 774
699 485 461
24 447 532
477 545 491
439 791 144
48 77 478
189 55 36
377 699 334
713 365 362
786 624 950
137 136 283
268 231 606
26 152 724
464 683 951