1000 1000 10
0
0
0
0
0
0
0
0
0
0
0
0
0
0
0
0
0
0
0
0
0
0
0
0
0
0
0
0
0
0
0
0
0
0
0
0
0
0
0
0
0
0
0
0
0
0
0
0
0
0
0
0
0
0
0
0
0
0
0
0
0
0
0
0
0
0
0
0
0
0
0
0
0
0
0
0
0
0
0
0
0
0
0
0
0
0
0
0
0
0
0
0
0
0
0
0
0
0
0
0
0
0
0
0
0
0
0
0
0
0
0
0
0
0
0
0
0
0
0
0
0
1 5
0
0
0
0
0
0
0
0
0
0
0
0
0
1 10
0
0
0
0
0
0
0
0
0
0
0
0
0
0
0
0
0
0
0
0
0
0
0
0
0
0
0
0
0
0
0
0
0
0
0
0
0
0
0
0
0
0
0
0
0
0
0
0
0
1 7
0
0
0
0
0
0
0
0
0
0
0
0
0
0
0
0
0
0
0
0
0
0
0
0
0
0
0
0
0
0
0
0
0
0
0
0
0
0
0
0
0
0
0
0
0
0
0
0
0
0
0
0
0
0
0
0
0
0
0
0
0
0
0
0
0
0
0
0
0
0
0
0
0
0
0
0
0
0
0
0
0
0
0
0
0
0
0
0
0
0
0
0
0
0
0
0
0
0
0
0
0
0
0
0
0
0
0
0
0
0
0
0
0
0
0
0
0
0
0
0
0
0
0
0
0
0
0
0
0
0
0
0
0
0
0
0
0
0
0
0
0
0
0
0
0
0
0
0
0
0
0
0
0
0
0
0
0
0
0
0
0
0
0
0
0
0
0
0
0
0
0
0
0
0
0
0
0
0
0
0
0
0
0
0
0
0
0
0
0
0
0
0
0
0
0
0
0
0
0
0
0
0
0
0
0
0
0
0
0
0
0
0
0
0
0
0
0
0
0
0
0
0
0
0
0
0
0
0
0
0
0
0
0
0
0
0
0
0
0
0
0
0
0
1 8
0
0
0
0
0
0
0
0
0
0
0
0
0
0
0
0
0
0
0
0
0
0
0
0
0
0
0
0
0
0
0
0
0
0
0
0
0
0
0
0
0
0
0
0
0
0
0
0
0
0
0
0
0
0
0
0
0
0
0
0
0
0
0
0
0
0
0
0
0
0
0
0
0
0
0
0
0
0
0
0
0
0
0
0
0
0
0
0
0
0
0
0
0
0
0
0
0
0
0
0
0
0
0
0
0
0
0
0
0
0
0
0
0
0
0
0
0
0
0
0
0
0
0
0
0
0
0
0
0
0
0
0
0
1 1
0
0
0
0
0
0
0
0
0
0
0
0
0
0
0
0
0
0
0
0
0
0
0
0
0
0
0
0
0
0
0
0
0
0
0
0
0
0
0
0
0
0
0
1 4
0
0
0
0
0
0
0
0
0
0
0
0
0
0
0
0
0
0
0
0
0
0
0
0
0
0
0
0
0
0
0
0
0
0
0
0
0
0
0
0
0
0
0
0
0
0
0
0
0
0
0
0
0
0
0
0
0
0
0
0
0
0
0
0
0
0
0
0
0
0
0
0
0
0
0
0
0
0
0
0
0
0
0
0
0
0
0
0
0
0
0
0
0
0
0
0
0
0
0
0
0
0
0
0
0
0
0
0
0
0
0
0
0
0
0
0
0
0
0
0
0
0
0
0
0
0
0
0
0
0
0
0
1 3
0
0
0
0
0
0
0
0
0
0
0
0
0
0
0
0
0
0
0
0
0
0
0
0
0
0
0
0
0
0
0
0
0
0
0
0
0
0
0
0
0
0
0
0
1 9
0
0
0
0
0
0
0
0
0
0
0
0
0
0
0
0
0
0
0
1 2
0
0
0
0
0
0
0
0
0
0
0
0
0
0
0
0
0
0
0
0
0
0
0
0
0
0
0
0
0
0
0
0
0
0
0
0
0
0
0
0
0
0
0
0
0
0
0
0
0
0
0
0
0
0
0
0
0
0
0
0
0
0
0
0
0
0
0
0
0
0
0
0
0
0
1 6
0
0
0
0
0
0
0
0
0
0
0
0
0
0
0
0
0
0
0
0
0
0
0
0
0
0
0
0
0
0
0
0
0
0
0
0
0
0
0
0
0
0
0
0
0
0
0
0
0
0
0
0
0
0
0
0
0
0
0
0
0
0
0
0
0
0
0
0
0
0
0
0
0
0
0
0
0
0
0
0
0
0
0
0
0
0
0
0
0
0
0
0
0
0
0
0
0
0
0
0
0
0
0
0
0
0
0
0
0
0
0
0
0
0
0
0
0
0
0
284 283 348
821 822 331
260 259 776
93 92 867
359 360 17
142 141 314
604 603 22
666 665 864
889 890 275
346 345 858
994 995 647
444 443 551
751 752 819
550 549 443
108 107 991
22 23 760
295 296 329
526 527 349
468 469 972
712 713 922
285 286 760
416 415 87
334 333 974
550 551 491
238 239 123
321 320 766
157 156 689
123 124 28
493 494 481
611 612 143
667 37 143
101 100 782
218 219 17
619 618 979
290 289 585
484 483 959
911 912 604
107 106 947
375 374 65
16 17 461
976 977 131
250 251 597
608 607 324
901 900 99
987 986 796
56 57 257
807 808 111
179 178 761
206 205 636
54 55 951
150 151 240
289 288 581
95 94 158
894 893 985
634 635 75
308 309 520
248 247 698
678 679 295
475 474 287
586 587 54
785 784 155
172 173 200
862 863 210
968 969 377
197 196 480
974 975 981
129 128 350
858 859 817
891 892 873
509 508 887
417 418 400
541 542 804
524 523 547
474 473 589
849 850 122
485 484 161
28 27 895
371 372 428
782 781 762
301 302 739
310 311 582
563 562 972
554 553 443
567 566 930
640 639 776
358 359 565
851 852 823
954 953 273
185 184 278
192 193 512
246 247 689
324 323 516
902 903 297
548 549 701
25 26 802
117 116 292
131 130 332
716 717 819
670 671 465
263 264 693
29 28 427
681 680 560
407 406 162
841 840 629
537 536 560
460 459 957
224 225 278
522 521 894
389 388 899
631 632 220
254 253 362
918 917 895
375 376 730
720 721 960
176 175 560
78 79 432
730 731 515
126 125 189
89 88 159
227 228 747
455 454 360
217 216 920
181 180 35
603 602 758
951 952 266
270 269 829
988 987 621
266 267 713
435 434 628
113 112 56
242 243 358
336 335 295
868 869 151
605 606 894
801 802 495
260 261 584
983 982 650
616 615 66
749 748 627
857 858 436
981 980 514
427 428 488
111 110 383
370 371 729
436 437 298
805 804 909
519 518 699
127 128 146
152 153 74
34 35 416
133 132 812
14 15 238
279 280 623
396 397 846
170 171 555
253 252 763
584 583 533
353 352 587
448 447 449
967 968 58
546 545 137
232 231 553
274 275 270
243 244 213
638 639 537
71 72 904
329 330 192
270 271 920
532 531 464
187 188 176
272 271 51
643 644 76
54 53 311
815 814 702
420 421 728
520 521 272
279 278 92
37 38 840
552 553 100
364 365 12
875 874 359
981 982 808
841 842 874
193 194 200
273 272 119
136 137 842
620 619 733
785 786 420
486 485 399
628 629 827
909 908 995
73 72 755
204 205 500
791 790 87
609 610 255
478 479 150
711 712 387
930 931 868
792 791 845
988 989 542
252 251 125
367 368 530
275 276 804
537 538 617
183 184 93
864 863 177
625 624 695
693 694 403
236 235 691
719 718 673
156 155 369
401 402 514
10 9 823
245 244 886
689 688 598
978 979 245
512 513 653
30 31 780
332 333 537
477 476 148
352 351 732
900 899 410
254 255 426
434 433 361
217 218 159
779 778 573
960 961 793
558 559 46
861 862 797
702 701 263
561 560 830
986 985 258
331 332 405
925 924 706
693 692 793
771 770 842
497 498 328
341 342 793
212 211 199
266 265 631
210 209 869
386 385 554
888 887 750
102 103 837
76 75 791
297 298 952
883 884 345
923 924 228
235 234 910
80 81 157
825 826 55
860 859 216
265 264 925
13 12 290
105 104 682
137 138 588
299 300 464
910 909 302
990 989 171
667 666 609
572 573 964
46 47 680
67 68 305
456 457 836
287 286 549
641 642 877
593 594 564
366 367 530
515 514 861
81 82 409
450 451 491
238 237 990
180 179 812
897 896 506
658 659 390
513 514 316
420 419 638
141 140 979
768 769 216
344 345 466
165 164 464
790 789 205
97 98 862
108 109 238
936 937 655
336 337 369
763 764 979
229 228 608
946 945 131
938 939 162
768 767 406
855 854 4
952 953 710
2 3 476
557 558 561
934 933 980
576 575 49
348 349 325
873 872 797
635 636 114
470 469 182
507 508 289
555 556 743
13 14 410
964 963 344
765 766 339
150 149 724
383 382 109
338 339 352
255 256 551
276 277 338
751 750 802
262 261 498
614 615 250
663 664 471
766 767 979
590 591 312
281 282 82
159 158 439
203 202 590
5 4 461
651 652 46
718 717 577
354 355 369
599 598 273
903 904 316
908 907 718
391 392 506
44 43 249
472 473 619
723 722 914
183 182 110
240 241 828
494 495 91
39 38 635
63 64 384
809 808 315
58 59 798
588 587 564
734 735 623
600 601 7
258 259 469
941 940 313
630 629 716
303 302 70
742 743 839
511 512 590
83 84 198
503 504 288
856 857 638
11 10 169
405 406 424
426 425 645
577 578 828
925 926 342
45 44 867
535 536 126
638 637 952
114 113 658
6 5 729
287 288 635
840 839 855
2 1 960
623 622 975
653 652 217
313 312 818
572 571 294
727 726 243
201 200 400
187 186 844
404 405 306
439 440 606
475 476 529
845 846 960
55 56 319
431 430 575
946 947 238
736 737 618
893 892 859
594 595 805
32 31 913
843 842 968
762 761 996
530 531 582
949 950 537
437 438 134
628 627 77
91 92 192
866 865 634
732 733 189
449 448 446
589 590 52
483 482 503
177 176 591
708 707 917
383 384 491
381 382 778
795 796 945
240 239 990
326 327 879
301 300 177
387 386 957
376 377 343
263 262 994
324 325 587
143 142 536
231 230 608
760 759 594
870 869 321
373 372 503
836 835 764
145 144 363
196 195 22
192 191 91
467 466 602
505 506 842
479 480 858
436 435 778
958 959 24
335 334 206
872 871 874
360 361 306
22 21 498
878 877 776
967 966 722
583 582 318
867 868 504
496 495 16
65 64 765
18 19 663
331 330 96
308 307 594
509 510 899
76 77 996
250 249 653
748 747 707
87 88 243
562 561 293
788 789 962
66 67 263
560 559 876
824 825 191
806 805 121
787 786 221
844 845 223
739 738 263
745 744 866
200 199 361
124 125 720
39 40 265
423 424 440
600 599 822
801 800 485
175 174 965
928 929 465
462 463 321
268 267 170
796 797 489
133 134 293
211 210 544
792 793 587
581 582 14
948 947 76
237 236 719
976 975 169
527 528 343
400 401 249
186 185 973
647 648 590
42 41 40
630 631 834
190 191 144
881 882 385
121 120 282
417 416 171
20 19 731
847 846 789
304 303 4
948 949 209
21 20 592
864 865 153
63 62 473
7 8 898
593 592 791
838 837 528
85 84 974
518 517 700
656 655 702
11 12 910
710 709 440
611 610 429
43 42 872
366 365 76
24 23 854
955 956 90
999 998 762
61 60 728
690 691 234
820 819 383
110 109 470
703 702 815
675 674 785
357 356 563
608 609 190
715 716 201
159 160 421
879 878 995
257 256 961
837 836 639
726 725 788
816 815 693
538 539 634
96 95 11
971 972 133
737 738 73
607 606 40
565 564 914
874 873 841
779 780 338
689 690 626
357 358 33
429 430 996
945 944 785
581 580 167
778 777 376
654 655 408
972 973 944
458 457 435
591 592 929
347 346 453
886 885 407
369 368 457
661 660 853
576 577 979
922 923 20
502 501 958
714 715 102
197 198 192
102 101 678
61 62 159
208 207 59
158 157 832
665 664 381
516 515 237
650 651 723
422 421 265
696 697 154
830 831 290
351 350 644
284 285 35
934 935 107
856 855 741
414 413 558
167 168 580
802 803 304
771 772 26
770 769 247
670 669 757
644 645 101
114 115 240
147 146 61
326 325 145
974 973 955
700 699 752
979 980 160
578 579 509
657 658 285
282 283 56
661 662 662
757 758 627
566 565 904
8 9 589
882 883 471
60 59 478
99 100 230
350 349 455
677 676 27
233 232 966
227 226 127
645 646 322
529 530 9
478 477 391
605 604 961
471 472 111
533 532 697
160 161 132
198 199 611
551 552 647
719 720 55
622 621 730
321 322 418
323 322 197
407 408 591
394 395 972
636 637 996
704 703 447
818 819 840
941 942 426
810 809 159
933 932 443
663 662 864
773 774 353
678 677 900
379 380 121
820 821 884
327 328 839
543 542 196
493 492 872
916 917 266
895 896 618
834 835 49
727 728 240
123 122 339
830 829 64
818 817 134
970 969 109
888 889 828
297 296 440
829 828 67
215 214 740
754 753 933
623 624 747
149 148 383
80 79 693
575 574 416
928 927 693
687 688 37
492 491 558
223 222 784
775 776 525
817 816 681
293 292 585
685 684 555
49 48 918
173 174 643
879 880 862
132 131 358
586 585 84
698 697 985
290 291 291
498 499 107
87 86 158
50 49 272
834 833 58
847 848 725
794 793 544
627 626 825
920 919 47
832 833 563
654 653 112
596 597 865
774 775 917
33 32 775
674 673 462
356 355 730
278 277 893
432 431 883
763 762 397
679 680 780
170 169 768
481 482 959
373 374 710
729 728 730
648 649 484
960 959 423
534 533 880
487 486 395
468 467 922
686 685 182
429 428 664
316 315 798
411 412 66
96 97 845
242 241 139
112 111 215
569 568 17
388 387 242
153 154 46
736 735 351
681 682 256
52 53 294
305 304 71
305 306 812
363 364 414
921 920 292
425 424 24
33 34 344
339 340 422
699 698 866
148 147 383
307 306 145
446 445 56
724 725 718
823 822 107
143 144 108
707 706 486
705 704 653
957 958 439
783 782 929
824 823 80
178 177 477
129 130 357
525 526 699
897 898 689
993 992 953
943 942 723
990 991 8
496 497 410
399 398 638
798 797 189
329 328 86
876 875 863
783 784 131
171 172 704
932 931 280
98 99 900
500 501 508
168 169 759
378 379 400
104 103 963
696 695 515
90 91 856
202 201 14
787 788 803
454 453 269
36 37 762
957 956 968
621 620 809
997 998 361
519 520 787
540 541 339
45 46 360
222 221 736
320 319 384
722 721 204
555 554 732
965 966 660
465 464 829
564 563 376
48 47 717
598 597 132
625 626 180
7 6 78
906 907 824
642 643 167
403 404 494
248 249 17
380 381 779
413 412 628
414 415 417
207 206 893
951 950 147
25 24 316
758 759 189
596 595 402
827 828 796
209 208 2
182 181 443
470 471 895
212 213 606
154 155 260
547 548 494
465 466 992
318 317 467
122 121 646
89 90 305
299 298 385
362 361 197
673 672 603
649 650 892
914 915 459
985 984 565
795 794 394
831 832 511
51 50 511
781 780 467
755 756 317
318 319 221
445 444 153
849 848 383
348 347 189
943 944 185
65 66 549
312 311 641
895 894 562
971 970 762
994 993 725
68 69 895
77 78 152
744 743 877
890 891 612
534 535 572
395 396 851
746 745 115
700 701 775
904 905 737
313 314 920
522 523 978
316 317 451
511 510 64
940 939 118
426 427 598
544 545 407
294 293 268
741 740 210
800 799 716
731 732 467
887 886 832
390 389 856
340 341 680
393 394 654
70 71 439
954 955 23
294 295 15
916 915 142
120 119 45
734 733 181
490 489 12
74 73 51
851 850 542
464 463 387
811 812 518
410 409 731
838 839 800
118 119 343
70 69 822
411 410 447
443 442 82
342 343 730
807 806 755
452 453 220
390 391 821
929 930 247
446 447 320
480 481 357
752 753 801
516 517 498
694 695 211
234 233 755
740 739 787
36 35 181
451 452 481
41 40 554
314 315 616
844 843 742
866 867 525
676 675 958
977 978 767
633 634 797
433 432 568
4 3 513
370 369 810
163 164 801
963 962 486
926 927 405
488 487 453
74 75 141
204 203 984
668 667 411
761 760 598
965 964 554
870 871 276
803 804 480
826 827 994
524 525 208
641 640 967
219 220 940
27 26 205
274 273 380
162 161 905
571 570 341
291 292 658
362 363 638
528 529 17
684 683 685
911 910 215
568 567 836
135 134 730
94 93 527
188 189 90
502 503 645
85 86 223
646 647 662
489 488 901
884 885 134
899 898 225
574 573 567
225 226 45
82 83 889
777 776 698
935 936 19
730 729 45
135 136 533
146 145 96
337 338 214
117 118 756
996 997 732
507 506 755
913 914 974
29 30 951
754 755 335
423 422 579
499 500 20
393 392 531
418 419 514
799 798 483
309 310 352
460 461 474
57 58 315
246 245 335
15 16 467
961 962 402
17 18 800
579 580 694
613 614 150
491 490 170
854 853 730
402 403 41
441 442 558
569 570 261
618 617 45
616 617 622
166 165 277
384 385 766
539 540 947
269 268 800
162 163 876
757 756 358
992 991 294
397 398 959
556 557 682
995 996 759
450 449 71
713 714 468
938 937 532
439 438 59
902 901 910
984 983 112
852 853 840
354 353 571
724 723 834
152 151 468
602 601 729
544 543 9
999 1000 295
687 686 726
912 913 4
230 229 939
106 105 679
810 811 812
741 742 536
773 772 15
612 613 692
215 216 458
746 747 389
505 504 208
709 708 50
138 139 688
671 672 183
195 194 437
881 880 366
860 861 339
400 399 828
692 691 236
224 223 743
547 546 946
656 657 433
378 377 551
140 139 41
814 813 238
189 190 801
922 921 757
441 440 813
344 343 348
633 632 550
682 683 530
711 710 542
905 906 525
127 126 203
749 750 716
221 220 856
588 589 774
258 257 208
461 462 547
116 115 1000
408 409 866
456 455 849
281 280 168
659 660 699
813 812 146
764 765 557
52 51 587
213 214 876
584 585 820
668 669 541
877 876 233
918 919 306
166 167 506
705 706 582
458 459 672