600 2000 10
0
0
0
0
0
0
0
0
0
0
0
0
0
0
0
0
0
0
0
0
0
0
0
0
0
0
0
0
0
0
0
1 2
0
0
0
0
0
0
0
0
0
0
0
0
0
0
0
0
0
0
1 1
1 10
0
0
0
0
0
0
0
0
0
0
0
0
0
0
0
0
0
0
0
0
1 9
0
0
0
0
0
0
0
0
0
0
0
0
0
0
0
0
0
0
0
0
0
0
0
0
0
0
0
0
0
0
0
0
0
0
0
0
0
0
0
0
0
0
0
0
0
0
0
0
0
0
0
0
0
0
0
0
0
1 3
0
0
0
0
0
0
0
0
0
0
0
0
0
0
0
0
0
0
0
0
0
0
0
0
0
0
0
0
0
0
0
0
0
0
0
0
0
0
0
0
0
0
1 3
0
0
0
0
0
0
0
0
0
1 4
0
0
0
0
0
0
0
0
0
1 6
0
0
0
0
0
0
0
0
0
0
0
0
0
0
0
0
0
0
0
0
0
0
0
0
0
0
0
0
0
1 5
0
0
0
0
0
0
0
0
0
0
0
0
0
0
0
0
0
0
0
0
0
0
0
0
0
0
0
0
0
0
0
0
0
0
0
0
0
0
0
0
0
0
0
0
0
0
0
0
0
0
0
0
0
0
0
0
0
0
0
0
0
0
0
0
0
0
0
0
0
0
0
0
0
0
0
0
0
0
0
0
0
0
0
1 8
0
0
0
0
0
0
0
0
0
0
0
0
0
0
0
0
0
0
0
0
0
0
0
0
0
0
0
0
0
0
0
0
0
0
0
0
0
0
0
0
0
0
0
0
0
0
0
0
0
0
0
0
0
0
0
0
0
0
0
0
0
0
0
0
1 7
0
0
0
0
0
0
0
0
0
0
0
0
0
0
0
0
0
0
0
0
0
0
0
0
0
0
0
0
0
0
0
0
0
0
0
0
0
1 9
0
0
0
0
0
0
0
0
0
0
0
0
0
0
0
0
0
0
0
0
0
0
0
0
0
0
0
0
0
0
0
0
0
0
0
0
0
0
0
0
0
0
0
0
0
0
0
0
0
0
0
0
0
0
0
0
0
0
0
0
0
0
0
0
0
0
0
0
0
0
0
0
0
0
0
0
0
0
1 7
0
0
0
0
0
0
0
0
0
0
0
0
0
0
0
0
0
0
0
0
0
0
0
0
0
0
0
0
0
0
0
0
0
0
0
0
0
0
0
0
0
0
0
0
0
0
0
0
0
0
0
0
0
0
0
0
0
0
0
0
0
0
0
0
0
0
0
0
0
0
0
0
0
0
0
0
0
0
0
0
0
0
0
0
0
0
0
0
0
0
0
0
0
0
0
0
0
0
0
0
0
0
0
0
0
0
0
0
0
0
305 445 998
515 332 59
31 82 885
45 64 674
508 361 782
596 304 78
149 12 453
343 222 196
217 158 433
488 320 25
127 162 354
134 401 177
190 384 765
90 444 832
524 412 107
304 114 529
484 151 868
179 519 314
484 7 937
453 170 449
417 419 541
377 276 924
1 41 867
96 67 14
39 93 603
6 366 249
39 74 169
182 196 8
337 311 639
42 79 216
567 317 191
35 490 788
35 461 152
560 235 116
356 345 826
580 390 581
232 421 740
2 371 141
479 375 958
568 68 889
112 117 386
234 400 639
8 5 680
402 240 253
242 372 993
181 204 520
339 105 869
115 22 286
324 381 895
215 587 636
529 409 369
157 365 865
550 248 345
593 596 356
15 73 15
19 172 602
190 479 346
290 62 172
335 2 698
359 203 604
10 15 37
442 449 393
320 271 519
325 371 356
24 33 907
420 174 213
288 128 514
143 172 188
257 253 764
114 93 666
306 553 962
403 322 379
554 466 661
191 125 712
170 187 171
188 555 320
14 213 216
473 427 787
505 337 456
264 125 303
366 478 465
553 554 258
33 229 440
79 276 576
233 89 626
374 320 449
589 81 541
19 462 616
279 378 267
430 223 743
508 250 611
91 434 947
111 96 852
298 6 592
11 493 101
194 238 395
390 319 494
370 118 855
565 488 678
586 395 150
169 517 553
91 157 509
160 189 434
409 5 530
580 52 647
365 423 769
59 426 551
421 429 876
557 408 280
95 109 742
219 504 275
450 366 70
218 11 513
284 530 527
25 543 731
33 511 378
536 76 855
255 499 906
438 29 327
136 77 775
349 263 133
251 557 195
275 465 803
470 512 369
533 210 152
402 78 970
445 420 680
494 385 132
578 141 8
101 574 615
252 586 634
115 254 515
41 431 529
283 360 891
77 474 348
503 98 839
182 49 281
174 259 324
575 299 898
293 234 578
374 191 299
437 423 284
42 360 178
243 479 800
430 225 21
114 441 723
330 249 635
255 193 938
61 129 738
14 112 532
82 353 77
42 39 671
593 315 703
515 552 581
50 455 169
84 70 218
582 71 667
505 242 2
236 381 200
437 403 8
14 306 417
234 283 55
292 285 945
83 201 440
472 337 767
587 445 277
63 17 502
494 68 668
60 329 99
188 455 65
159 55 559
183 199 304
264 422 556
130 115 150
42 103 16
11 202 371
379 442 633
500 439 809
387 95 203
105 274 743
239 564 175
370 519 710
174 463 228
484 183 156
240 9 886
587 261 54
40 221 439
438 576 58
409 562 45
2 53 337
576 190 42
214 317 637
81 491 684
584 328 350
433 39 842
389 516 448
265 135 154
495 325 151
95 149 162
341 437 302
154 2 846
288 227 873
459 62 199
268 388 346
189 246 763
213 202 75
294 266 462
382 62 231
519 137 495
249 437 517
576 66 376
492 95 962
428 354 296
564 407 251
450 469 587
200 79 234
47 8 359
86 457 976
550 309 161
255 141 989
470 539 973
509 500 214
155 104 471
271 187 370
9 87 705
594 486 354
323 108 764
473 475 996
257 269 160
178 484 662
318 7 576
565 439 2
519 200 764
142 330 426
390 35 634
492 456 352
559 103 504
397 552 687
86 436 342
225 218 392
256 324 736
210 518 175
507 417 902
434 523 472
330 350 398
233 260 665
368 61 133
191 258 970
43 116 36
313 257 550
23 1 959
465 63 952
173 365 144
340 76 831
88 89 706
408 325 967
273 377 625
168 106 370
156 29 873
442 448 435
555 228 898
590 553 779
90 22 77
439 259 36
524 209 769
491 536 606
411 353 763
475 432 653
198 105 930
191 151 760
552 313 269
41 531 713
132 353 417
170 421 292
31 28 826
65 140 192
61 355 340
185 387 859
322 438 141
549 30 838
182 400 123
449 25 59
212 84 482
300 528 296
251 155 535
135 429 318
243 591 91
136 214 382
168 466 206
152 343 605
9 24 800
10 153 381
458 561 878
372 545 714
438 487 209
279 50 898
50 3 116
154 323 271
30 102 43
403 157 114
42 44 918
481 430 526
73 93 367
135 162 586
312 118 836
145 80 732
464 95 541
529 399 360
51 167 830
218 299 4
144 158 610
578 311 72
39 192 975
436 365 108
278 326 354
516 397 708
532 353 435
398 270 245
60 558 283
224 264 151
7 99 937
4 42 135
118 317 317
92 398 870
445 357 916
208 387 306
370 393 924
517 461 4
119 31 675
510 148 982
332 196 18
4 88 945
464 208 17
417 218 946
420 498 260
184 278 875
381 62 362
70 90 766
239 249 295
96 68 374
286 137 119
469 472 774
77 67 809
474 379 601
307 5 455
579 300 336
502 177 732
45 417 99
296 420 531
306 406 25
224 295 677
574 261 135
292 359 860
108 99 931
454 116 773
66 428 912
377 107 632
3 426 759
227 571 979
197 212 409
439 108 523
495 200 719
119 183 891
141 9 422
143 373 90
174 244 608
80 596 999
19 594 980
247 126 317
184 455 931
107 327 347
144 76 871
385 308 184
474 137 307
241 237 390
99 526 40
534 186 812
85 324 493
357 514 195
252 307 488
526 292 853
402 233 6
366 161 138
56 246 867
88 599 726
11 157 152
262 480 780
37 168 103
301 520 628
160 346 769
196 369 735
278 38 643
453 410 72
230 564 1000
278 576 752
34 325 74
144 77 879
197 273 25
513 177 714
7 182 470
88 589 797
136 307 970
80 110 527
2 5 472
509 91 102
275 5 541
41 58 451
104 50 956
210 369 361
476 267 16
176 530 330
422 481 173
386 326 583
324 479 606
309 168 532
552 343 355
253 507 302
19 138 633
252 25 448
33 437 696
84 500 71
586 194 621
521 242 975
367 108 976
546 28 266
511 522 408
452 596 899
369 184 127
52 77 945
297 185 434
100 540 623
455 24 172
200 225 693
573 457 186
265 515 754
239 3 398
189 55 498
510 563 832
80 132 65
242 26 974
356 460 113
10 69 632
404 218 846
396 94 184
530 559 437
202 524 477
230 511 91
359 106 991
492 199 531
199 169 194
287 105 397
167 503 647
324 444 16
1 2 324
475 580 557
10 105 952
173 546 590
241 398 62
22 491 268
323 565 645
107 263 895
417 130 121
165 310 885
600 10 131
122 521 39
351 206 360
111 16 56
580 58 183
59 390 207
562 6 553
226 83 468
284 296 179
561 248 746
112 514 2
42 123 39
136 598 518
99 137 96
4 428 937
174 428 244
84 196 834
544 197 664
392 213 129
66 273 917
179 382 737
281 59 428
45 498 905
381 196 769
38 399 928
277 404 60
276 202 634
298 106 6
36 12 737
448 73 218
275 34 78
218 435 695
363 527 738
547 297 971
594 247 717
568 354 747
403 400 843
509 126 865
184 129 745
377 206 854
425 59 387
215 297 158
218 533 812
48 197 671
100 518 429
465 68 463
87 250 702
317 573 36
386 513 469
122 397 719
92 558 468
275 135 59
481 525 223
584 44 858
378 406 133
12 592 448
205 49 121
460 396 123
68 108 945
4 540 128
194 450 290
390 62 881
456 560 584
308 81 735
263 480 845
297 342 379
207 121 19
40 399 603
445 321 766
316 569 215
440 70 640
47 55 948
577 414 531
334 337 648
481 374 69
436 214 256
438 361 758
238 312 635
450 328 395
590 432 285
242 174 458
287 13 407
540 219 275
340 482 915
476 555 55
270 63 507
269 75 764
425 191 443
384 204 669
96 301 756
148 298 528
341 445 818
528 132 454
377 10 263
84 210 150
45 367 607
434 354 357
407 323 380
553 255 505
499 32 508
45 141 657
534 555 149
221 188 126
287 588 928
23 373 591
349 110 153
469 56 694
29 568 905
38 347 194
165 146 635
166 228 566
301 83 970
216 19 88
408 364 430
98 173 874
379 177 436
256 579 592
158 518 169
396 153 51
2 584 159
564 498 275
580 342 554
65 2 627
365 442 474
59 198 921
369 30 349
550 403 358
534 269 664
182 441 70
421 476 627
503 376 370
224 54 317
268 414 227
202 74 140
79 105 331
368 421 638
354 407 33
380 136 261
274 372 91
17 4 745
206 450 688
3 32 27
289 247 448
595 597 403
225 27 413
72 262 786
449 480 534
570 128 228
198 197 731
595 154 270
238 44 459
481 255 90
304 530 489
65 42 643
117 493 747
20 260 860
471 153 151
514 134 834
42 160 538
246 18 17
561 480 851
32 46 957
330 489 257
43 337 39
386 427 941
19 427 485
157 15 995
290 431 287
124 60 376
449 286 296
212 235 168
506 59 915
417 136 387
383 471 309
85 9 388
56 81 609
387 85 542
75 257 326
264 102 979
36 60 350
595 120 659
42 498 950
78 64 856
177 373 879
346 32 492
273 230 625
63 47 777
222 375 7
418 35 269
138 268 594
306 46 784
349 445 851
182 291 993
189 282 696
179 285 523
183 75 679
129 406 408
279 546 50
89 17 533
187 384 302
307 332 386
177 416 957
254 117 486
283 26 547
243 265 583
418 213 915
338 48 635
589 590 344
185 90 612
518 21 540
434 165 229
92 229 585
304 93 281
451 154 956
178 10 185
286 355 37
159 47 771
169 134 172
158 124 483
472 467 930
18 334 551
34 51 148
240 329 487
202 281 66
456 162 884
237 490 467
506 581 216
249 456 637
307 105 263
457 319 77
180 538 390
507 255 860
453 417 59
175 70 969
236 140 584
54 591 416
313 554 642
164 467 407
400 487 994
424 302 143
538 426 717
264 393 342
308 157 323
425 533 226
394 313 521
531 26 359
210 284 547
155 260 978
355 509 920
97 84 457
191 424 384
188 465 161
285 15 689
5 462 958
50 574 782
496 88 808
487 45 201
30 56 131
188 201 880
462 262 655
538 504 401
306 267 410
77 248 292
115 148 577
32 297 98
533 272 907
161 85 553
38 101 417
302 373 260
331 509 763
21 19 656
446 329 947
18 2 122
598 322 167
462 519 871
134 281 662
256 31 518
256 197 686
345 137 407
445 426 861
454 524 961
522 52 828
28 23 700
40 211 619
429 315 897
379 142 131
445 30 188
232 342 82
125 557 517
396 101 294
88 106 94
83 38 162
256 217 456
576 295 168
211 150 113
421 376 375
170 320 946
545 441 519
464 334 905
385 354 561
491 535 80
76 38 423
385 450 658
54 598 820
150 192 301
206 205 990
29 194 424
544 322 191
62 452 98
56 327 940
248 571 58
431 374 287
167 384 817
532 499 995
65 512 606
353 180 999
424 590 402
276 381 928
28 248 95
106 41 624
451 205 160
288 127 201
200 223 89
309 84 905
113 575 446
563 437 817
195 427 476
128 521 432
125 131 209
82 566 929
455 593 802
117 263 151
16 316 176
208 64 355
458 562 794
344 392 820
93 485 360
120 72 81
18 174 440
7 303 958
484 82 642
375 189 60
2 19 444
579 447 518
327 470 138
24 529 194
41 168 215
202 93 43
284 388 208
37 576 838
145 222 759
125 43 132
122 242 823
159 436 990
544 481 765
282 590 705
528 395 695
307 593 181
249 303 841
464 479 267
376 181 152
184 402 108
239 148 629
425 128 570
80 46 145
525 313 987
56 57 5
93 3 718
154 168 481
134 249 970
410 418 452
110 469 695
263 175 75
463 252 946
317 13 347
213 509 853
306 310 802
530 532 538
534 250 25
177 57 756
253 266 328
174 584 906
312 244 938
32 9 774
507 198 744
88 456 679
400 457 227
427 317 337
47 408 271
496 343 515
188 491 172
252 231 744
101 24 316
322 366 24
19 98 504
10 46 207
534 593 568
271 205 992
470 137 854
405 446 234
192 210 192
321 276 982
95 188 378
280 122 122
154 474 524
375 408 250
10 364 222
21 49 880
24 62 678
541 46 821
582 23 468
82 294 114
198 274 474
92 13 630
395 496 84
109 77 669
37 66 124
146 519 320
591 137 410
278 193 976
102 251 465
198 250 227
596 6 252
573 138 302
44 22 426
527 378 433
225 22 189
477 574 827
138 396 856
440 1 516
309 541 962
41 451 980
523 357 413
422 466 338
8 272 458
171 235 141
16 442 363
286 52 139
587 141 813
505 240 244
366 507 722
411 17 747
531 329 736
367 400 521
178 522 469
411 563 114
273 502 906
535 515 79
566 189 839
412 236 268
87 94 967
218 134 617
192 256 475
335 390 368
472 70 557
457 147 932
306 215 413
387 163 400
454 515 957
330 587 580
203 199 553
52 152 797
62 14 541
107 463 669
421 8 858
42 243 72
86 52 439
574 184 329
99 139 803
477 547 350
515 500 534
126 146 95
300 392 149
328 342 249
222 587 877
597 546 167
152 199 592
123 460 492
156 195 863
330 501 410
486 184 801
244 228 345
547 209 989
131 122 982
110 113 5
1 521 827
15 589 509
496 231 834
17 532 416
497 434 859
543 205 256
322 198 2
43 20 322
107 214 579
429 115 162
199 22 185
272 213 755
326 86 287
30 390 264
531 546 435
6 577 176
235 482 51
453 343 825
458 269 306
190 214 522
393 299 753
231 325 931
277 493 885
71 422 148
204 459 704
250 406 963
589 555 146
243 164 69
267 438 197
125 453 527
242 209 587
447 386 736
4 564 478
48 51 277
166 580 715
148 83 765
517 456 577
220 150 921
163 225 652
448 64 843
485 138 703
49 74 326
542 534 552
191 120 538
86 487 597
100 63 6
393 512 617
306 195 789
303 8 417
189 69 706
105 443 3
500 292 194
138 142 390
321 595 578
550 399 652
553 159 28
75 134 562
546 48 438
372 540 851
509 173 283
290 52 434
108 397 679
77 8 226
255 283 984
352 111 430
152 381 930
537 212 245
251 295 666
326 336 814
289 248 440
445 526 664
374 338 239
201 586 499
479 103 777
402 307 990
404 523 56
452 296 62
33 530 513
573 5 770
472 554 683
58 216 29
181 395 404
579 26 663
432 262 835
80 211 501
120 230 952
282 58 225
160 376 285
454 91 662
148 341 756
96 525 744
194 219 209
360 500 794
558 505 446
572 190 166
197 288 392
451 297 482
310 431 997
336 280 347
379 222 875
347 233 932
517 208 446
463 22 257
343 102 695
20 361 51
147 21 124
147 122 685
230 521 484
140 25 480
581 146 482
229 88 475
490 76 736
114 65 946
391 546 546
483 226 798
293 269 276
309 394 771
298 133 968
94 367 474
114 556 694
134 234 765
129 356 922
102 32 72
511 133 417
219 348 366
56 523 930
346 120 505
274 75 227
130 188 629
271 162 233
357 42 22
422 524 799
561 37 498
310 190 240
497 115 595
9 7 318
238 70 155
537 507 964
180 446 76
542 582 750
522 305 678
169 423 11
513 314 14
363 332 487
256 576 55
86 469 908
181 299 43
342 375 245
302 29 515
464 560 317
137 462 494
539 580 262
153 208 17
162 300 810
240 233 908
268 219 820
142 402 142
509 289 902
595 556 213
449 373 189
585 44 163
556 516 876
417 362 47
197 360 541
535 594 360
30 509 540
358 426 775
392 479 759
485 313 655
297 4 415
348 483 545
53 232 114
253 55 799
238 20 635
68 236 602
176 65 703
13 10 934
124 190 478
177 58 405
57 535 564
8 11 582
3 205 603
52 13 348
448 515 828
7 350 806
103 546 762
18 255 931
83 63 383
509 545 773
518 86 775
84 594 497
47 557 194
409 13 868
198 334 492
127 96 50
42 167 267
448 13 514
311 60 687
14 13 931
7 343 60
547 466 708
228 527 451
425 214 496
251 38 732
272 132 688
12 198 888
397 173 804
407 445 528
470 429 750
514 350 475
114 116 213
57 259 536
200 460 200
75 191 762
435 136 783
375 80 728
464 485 11
434 132 898
34 24 473
60 134 938
69 242 201
1 45 952
520 188 48
270 39 622
398 366 721
98 419 19
158 393 247
152 586 313
154 326 735
263 281 935
66 82 615
318 498 955
488 21 386
395 476 444
202 194 745
477 199 978
58 138 597
166 267 749
500 557 461
295 139 816
276 497 846
16 415 737
302 447 802
307 367 208
211 195 741
112 153 222
348 118 5
414 120 890
486 407 299
300 112 894
322 249 665
539 337 372
231 129 605
361 588 712
223 157 813
556 530 155
99 463 307
593 278 983
109 19 763
266 151 367
555 211 368
367 303 351
22 480 913
239 71 329
238 137 592
213 288 536
303 155 406
118 38 604
500 428 982
155 164 295
308 505 229
195 154 901
310 221 769
510 426 802
225 287 482
242 96 598
537 225 476
490 545 966
326 158 840
370 73 940
5 430 861
394 31 271
335 125 468
456 216 752
177 303 609
321 566 132
325 42 256
518 95 198
550 431 818
418 197 334
496 284 236
499 285 617
135 427 130
292 529 479
193 148 206
508 427 552
359 214 49
260 454 636
448 11 320
322 278 892
80 19 645
378 322 301
95 309 764
581 56 575
123 268 615
366 252 961
231 20 781
318 424 230
326 537 200
161 521 309
237 118 127
226 267 256
329 211 910
312 503 30
369 281 855
431 308 676
342 185 100
187 158 598
541 267 417
272 220 451
200 530 299
471 52 335
45 159 483
472 317 274
33 316 373
137 271 162
595 47 943
18 162 822
179 170 368
383 112 174
298 576 963
573 599 387
366 36 205
514 224 347
300 87 552
181 141 8
78 170 675
445 40 590
450 48 881
591 332 759
355 418 385
89 583 298
396 478 963
302 405 794
439 512 697
542 295 169
573 249 530
133 389 926
494 188 862
220 230 194
376 389 449
425 497 168
565 125 799
45 39 184
117 397 72
339 351 658
1 171 29
399 234 460
240 59 954
429 78 834
359 569 681
140 15 976
352 511 390
62 511 757
577 43 326
113 238 42
439 476 990
168 64 816
517 229 593
16 150 568
71 35 729
295 496 298
184 567 155
367 549 461
441 460 287
24 30 317
307 305 546
377 458 228
339 292 929
360 194 72
8 39 162
518 540 718
158 301 439
347 152 3
259 542 752
328 575 421
222 157 433
516 508 110
417 353 879
541 84 39
318 113 658
319 103 107
144 60 294
294 341 73
517 33 944
19 419 13
95 279 129
468 371 181
150 217 10
276 101 38
587 361 108
220 476 221
133 244 640
370 442 46
340 44 105
144 375 172
133 197 234
498 166 160
530 208 443
323 16 309
366 516 235
570 554 413
66 135 576
141 177 777
5 99 182
246 528 390
299 362 995
448 528 553
265 77 281
443 376 95
576 345 163
53 247 381
202 91 814
470 391 879
110 195 643
27 351 731
209 345 285
503 600 784
357 199 464
221 246 606
217 435 540
386 83 902
252 82 742
181 358 227
509 136 382
221 378 317
5 6 403
48 19 218
367 180 581
340 332 412
168 504 116
538 382 866
559 547 320
350 493 702
437 475 540
172 395 311
412 162 182
124 135 324
249 332 209
586 580 711
594 153 245
67 118 258
129 262 570
5 204 588
81 277 733
464 439 220
463 401 557
549 194 339
598 377 2
171 437 516
31 474 583
186 93 407
516 256 712
322 271 436
155 264 8
426 488 825
322 210 872
70 332 354
97 326 319
458 515 787
56 333 205
154 9 753
75 68 572
190 536 509
180 144 173
204 341 78
361 221 279
305 176 23
204 55 855
63 328 876
112 246 903
97 10 123
159 214 682
598 160 275
380 34 316
20 205 262
247 494 543
121 523 186
343 486 122
525 457 824
232 240 334
500 487 130
600 384 243
567 313 451
189 431 432
15 388 399
593 325 462
154 157 801
526 344 904
18 283 400
74 375 352
305 169 360
217 85 890
113 63 780
376 38 875
545 51 410
83 247 900
489 95 795
228 594 243
25 95 863
19 588 776
67 549 156
488 298 281
344 175 181
223 80 631
172 503 446
358 412 188
205 115 683
188 39 353
293 211 568
129 197 234
278 385 504
460 176 834
489 436 212
240 421 676
567 353 20
217 146 132
564 359 732
175 45 802
281 203 235
432 390 506
478 509 455
35 434 163
235 447 329
443 304 557
180 472 852
90 122 538
67 559 963
322 21 490
67 287 215
518 328 859
533 529 269
449 444 689
586 394 989
539 60 576
112 329 139
59 227 312
180 5 103
261 164 850
146 541 309
451 215 800
279 169 774
377 149 373
126 347 655
518 81 635
208 407 827
492 445 516
163 52 615
427 423 559
598 563 426
267 376 184
39 234 795
546 180 614
515 218 505
580 487 607
452 31 793
17 40 39
380 234 608
88 425 237
13 360 227
470 544 611
7 59 44
443 75 787
55 70 437
288 160 286
549 37 716
193 441 936
561 151 901
66 112 204
498 422 410
582 260 308
159 493 321
146 478 857
74 268 772
583 86 405
75 323 594
416 494 546
420 290 748
54 304 461
242 456 961
342 112 49
70 403 613
67 50 913
512 541 947
273 168 708
76 176 784
415 25 522
126 18 158
133 83 108
522 229 414
260 322 243
433 368 203
274 528 231
157 341 914
240 177 640
123 336 891
159 174 126
124 130 889
87 597 618
299 129 509
413 99 182
599 399 878
228 164 606
3 2 984
451 402 565
285 160 995
319 436 774
293 139 510
399 217 179
322 560 850
232 47 15
333 284 904
473 159 538
437 217 475
25 317 867
266 157 241
452 61 470
36 35 319
425 253 408
239 129 604
7 504 130
466 456 409
130 264 69
43 520 84
396 550 815
1 35 156
148 221 243
133 447 120
385 519 786
450 264 617
177 574 702
58 249 110
63 527 375
43 208 259
179 120 33
502 309 28
343 153 540
403 64 757
230 199 105
201 175 613
347 557 96
307 512 219
26 33 934
219 119 20
340 356 330
77 331 973
299 482 820
341 33 811
335 278 237
262 510 248
60 345 443
451 382 65
541 338 303
259 268 976
65 315 97
226 299 186
321 202 374
516 165 18
453 359 851
434 71 531
383 150 116
122 265 654
423 96 117
515 400 356
52 80 880
480 249 132
230 131 823
354 324 463
326 476 750
440 461 478
167 166 868
155 26 872
101 207 7
554 292 893
52 104 573
324 550 576
410 172 720
50 442 387
465 346 91
102 344 461
27 38 235
174 182 522
151 103 790
238 267 556
516 542 786
201 551 434
520 355 198
437 543 721
412 490 142
588 562 595
436 478 78
551 43 542
187 147 260
59 186 897
491 173 150
170 370 741
39 237 514
516 358 861
187 140 729
376 534 553
299 98 221
350 50 692
214 108 569
236 346 638
271 193 510
267 349 823
405 136 823
306 567 448
183 28 205
296 206 211
454 574 366
251 383 136
512 592 906
462 560 34
169 566 240
580 213 169
102 72 105
202 425 319
7 4 293
146 67 936
302 211 554
547 269 221
577 84 587
543 503 153
339 86 959
191 60 64
5 595 796
47 266 935
73 173 2
78 304 391
301 252 691
281 171 437
159 572 506
31 404 286
72 504 886
506 307 573
68 64 425
164 93 842
320 525 950
152 13 515
478 327 811
122 490 851
209 43 495
106 237 734
166 135 762
224 176 524
192 299 346
1 508 996
420 331 590
252 106 445
423 4 387
242 285 290
73 102 179
13 366 486
431 406 476
98 337 97
25 27 713
303 557 402
513 486 5
418 597 210
543 66 867
572 464 240
426 36 788
441 204 305
391 421 401
114 477 958
85 472 582
26 224 228
481 507 112
101 66 138
11 54 41
91 469 206
273 277 556
60 81 704
66 179 490
216 31 599
514 315 76
585 575 316
294 522 665
112 187 8
69 305 558
93 280 732
129 304 297
567 505 727
25 515 690
137 270 904
47 358 595
130 536 592
387 534 708
523 597 990
303 112 309
338 79 453
127 540 485
193 82 946
107 80 154
91 20 272
236 214 414
595 487 189
447 558 79
244 207 967
88 26 569
46 172 516
74 109 785
403 434 118
44 224 474
20 12 610
128 117 827
531 598 89
3 511 93
344 79 437
112 572 276
200 147 261
324 188 589
207 119 765
350 346 903
19 73 219
570 114 155
315 338 4
379 156 469
137 6 381
291 521 354
583 452 44
332 587 672
434 299 768
99 507 173
401 353 522
92 547 1
376 51 237
106 42 558
223 25 917
227 151 889
47 69 812
261 84 314
471 552 737
19 286 384
44 433 917
403 430 799
394 484 51
245 124 371
423 130 202
275 396 229
391 137 270
297 407 390
353 128 62
273 14 800
342 85 652
190 107 184
160 76 614
229 363 798
540 152 419
124 326 588
440 89 52
150 570 384
73 558 950
349 533 343
8 37 519
37 323 459
495 16 490
471 555 922
99 186 572
289 140 116
206 20 231
87 465 331
10 12 823
533 476 591
173 395 707
413 71 353
353 419 208
468 49 950
79 127 763
304 453 38
380 475 143
187 211 550
179 585 848
157 426 199
333 139 444
540 161 883
374 63 802
149 55 783
143 29 621
63 67 857
356 439 971
180 279 439
422 134 635
182 348 137
30 181 465
68 356 112
558 499 796
290 522 164
600 22 594
487 23 342
468 368 297
516 564 362
534 73 397
22 215 644
507 50 819
136 328 515
248 203 727
506 221 979
121 108 915
446 513 88
205 460 10
527 562 609
280 402 962
207 34 389
403 273 827
466 6 628
244 568 52
93 215 978
361 596 546
133 561 123
97 104 646
200 217 465
227 356 854
114 385 474
524 249 125
26 2 903
288 433 300
142 162 970
393 111 115
594 569 147
38 111 187
126 238 905
376 466 190
520 365 430
436 384 395
8 261 342
2 4 537
262 444 202
596 356 995
548 73 555
319 382 67
148 455 974
128 565 274
542 103 494
241 113 21
252 193 388
33 81 969
114 278 441
281 38 424
208 241 338
503 450 687
8 12 293
29 103 793
561 495 285
523 570 737
93 474 958
144 27 810
290 26 368
269 523 813
72 65 483
240 80 697
129 166 933
145 391 661
25 20 619
221 598 220
22 4 540
264 552 155
67 427 851
1 325 72
504 107 30
16 13 819
477 191 993
13 81 604
378 367 844
315 213 325
250 239 223
215 252 203
511 565 569
508 221 234
558 183 286
418 65 413
172 268 953
327 217 252
92 342 1
262 220 904
154 108 220
570 142 808
111 227 65
283 416 944
477 596 487
257 186 444
309 250 460
534 168 236
414 143 143
188 140 717
124 82 918
584 229 447
271 54 161
565 569 92
83 505 928
414 272 118
25 6 418
499 22 417
63 78 20
246 68 99
352 291 434
61 36 738
283 213 698
127 304 856
40 94 921
115 90 908
390 511 864
348 137 713
68 347 968
582 9 329
268 352 288
359 571 808
26 536 334
439 83 202
199 309 502
131 331 939
565 584 842
134 505 900
420 216 464
425 228 790
324 511 985
83 520 806
251 92 501
355 413 546
382 424 781
105 305 913
583 15 689
10 5 738
170 599 239
285 410 532
314 134 841
28 265 842
61 270 164
410 32 979
427 457 67
253 251 646
495 296 792
147 394 747
163 193 497
199 555 879
29 5 489
267 165 124
296 247 389
562 541 516
360 56 807
162 502 178