500 2000 10
0
0
0
0
0
0
1 3
0
0
0
0
0
0
0
0
0
0
0
0
0
0
0
0
0
0
0
0
0
0
0
0
0
0
0
0
0
1 4
0
0
0
0
0
0
0
0
0
0
0
0
0
0
0
0
0
0
0
0
0
0
0
0
0
0
0
0
0
0
0
0
0
0
0
0
0
0
0
0
0
0
0
0
0
0
0
0
0
0
0
0
0
0
0
0
0
0
0
0
0
0
0
0
0
0
0
0
0
0
0
0
0
0
0
0
0
0
0
0
0
0
0
0
0
0
0
0
0
0
0
0
0
0
0
0
0
0
0
0
0
0
0
0
0
0
0
0
0
0
0
0
1 2
0
0
0
0
0
0
0
1 5
0
0
0
0
0
0
0
0
0
0
0
0
0
0
0
1 1
0
0
0
0
1 6
1 8
0
0
0
0
0
0
0
1 7
0
0
0
0
0
0
0
0
0
0
1 10
0
0
0
0
0
0
0
0
0
0
0
0
0
0
0
0
0
0
0
0
0
0
0
0
0
0
0
0
0
0
0
0
0
0
0
0
0
0
0
0
0
0
0
0
0
0
0
0
0
0
0
0
0
0
0
0
0
0
0
1 9
0
0
0
0
0
0
0
0
0
0
0
0
0
0
0
0
0
0
0
0
0
0
0
0
0
0
0
0
0
0
0
0
0
0
0
0
0
0
0
0
0
0
0
0
0
0
0
0
0
0
0
0
0
0
0
0
0
0
0
0
0
0
0
0
0
0
0
0
0
0
0
0
0
0
0
0
0
0
0
0
0
0
0
0
0
0
0
0
0
0
0
0
0
0
0
0
0
0
0
0
0
0
0
0
0
0
0
0
0
0
0
0
0
0
0
0
0
0
0
0
0
0
0
0
0
0
0
0
0
0
0
0
0
0
0
0
0
0
0
0
0
0
0
0
0
0
0
0
0
0
0
0
0
0
0
0
0
0
0
0
0
0
0
0
0
0
0
0
0
0
0
0
0
0
0
0
0
0
0
0
0
0
0
0
0
0
0
0
0
0
0
0
0
0
0
0
0
0
0
0
0
0
0
0
0
0
0
0
0
0
0
0
0
0
0
0
0
0
0
0
0
0
0
0
0
0
0
0
0
0
0
0
0
0
0
0
0
0
0
0
0
250 170 396
159 52 756
252 17 606
5 472 956
247 19 128
178 324 581
68 349 253
226 362 834
370 94 600
147 229 579
381 466 310
5 415 336
203 492 813
231 310 369
424 282 256
96 312 409
154 247 787
51 170 988
482 148 418
123 319 139
138 245 192
309 269 528
99 49 684
372 403 424
428 384 132
404 328 373
279 328 7
496 316 642
47 163 997
53 464 184
405 158 708
202 493 680
373 298 537
88 44 841
151 470 489
191 121 58
89 84 562
480 67 84
438 9 35
61 81 297
43 471 436
144 95 645
201 140 101
412 222 480
286 200 221
200 147 604
18 5 86
182 271 401
159 24 748
126 55 779
134 340 628
85 3 147
256 78 977
347 41 301
291 453 915
169 493 289
72 390 245
151 252 351
421 180 877
196 268 253
26 375 951
456 349 289
38 42 397
198 123 340
22 376 791
38 13 983
455 118 153
297 408 790
346 101 728
309 465 406
24 174 127
219 483 956
297 378 919
442 100 421
427 15 403
391 165 785
157 125 660
482 396 364
66 251 151
19 343 667
292 5 238
252 322 678
428 486 908
298 469 494
371 281 507
298 295 709
353 472 78
75 177 56
34 24 206
404 193 426
456 59 207
418 489 794
203 74 709
153 188 533
441 19 282
296 394 60
74 2 896
13 287 812
294 340 455
115 46 88
122 353 80
220 221 443
445 51 26
338 140 364
284 452 310
140 108 977
235 72 118
305 470 357
103 298 526
315 67 221
92 14 994
165 5 730
217 97 549
108 129 784
369 341 184
484 180 258
279 91 257
368 166 244
323 36 900
406 253 278
427 316 962
291 334 851
135 96 243
358 41 664
46 111 664
178 81 609
340 159 591
93 162 830
489 48 92
399 119 695
28 237 252
499 284 808
407 271 286
436 117 934
71 98 786
444 207 590
209 91 648
42 318 458
239 391 512
331 240 889
87 329 71
119 84 403
333 47 930
408 125 981
24 97 541
30 342 447
46 57 708
12 102 213
211 357 304
88 9 968
355 170 611
90 104 520
202 484 159
214 430 53
169 396 771
33 14 40
186 9 709
220 260 717
300 438 260
74 351 103
91 318 617
290 66 182
358 150 681
170 308 2
286 147 634
386 268 254
407 305 746
131 282 301
255 257 689
280 399 194
295 18 618
126 345 16
63 185 433
278 261 266
265 24 817
17 72 520
469 319 204
39 143 696
317 174 740
193 210 232
86 285 669
261 408 697
371 220 719
131 399 896
5 1 735
474 441 164
354 152 443
227 76 778
232 460 262
5 249 608
78 55 691
32 486 517
457 330 189
344 212 13
63 489 819
150 142 763
465 232 265
368 119 121
170 168 948
378 370 39
234 5 362
39 386 724
251 171 95
390 479 976
35 226 898
197 65 30
178 36 987
221 330 532
381 246 611
135 214 350
416 152 999
74 152 879
292 477 489
277 254 17
87 431 828
387 328 544
327 201 529
103 445 464
390 156 488
38 460 215
305 15 944
242 47 849
100 214 135
267 270 905
113 230 767
1 338 658
143 86 150
255 480 987
463 216 337
352 339 682
438 188 546
387 212 904
126 164 924
89 448 757
136 269 317
377 189 443
29 359 79
329 71 254
202 208 256
381 404 351
60 100 552
110 99 43
483 67 322
427 340 553
203 103 889
355 99 968
188 119 125
160 9 617
75 428 93
278 267 892
232 204 347
360 2 634
366 220 398
282 256 604
97 340 853
106 268 414
162 484 301
443 30 939
51 47 398
129 194 974
435 282 260
145 207 94
90 478 894
322 133 502
1 483 873
83 218 945
181 56 464
306 149 943
10 172 460
408 476 313
142 453 728
41 202 982
204 408 527
155 230 159
163 217 181
352 48 412
167 142 471
206 317 696
89 254 728
289 162 399
450 241 27
324 348 473
85 445 221
186 115 183
344 389 14
341 345 682
35 34 133
382 51 782
490 131 671
405 325 496
191 56 920
47 98 851
26 210 993
57 215 158
150 115 806
159 444 662
55 167 392
433 326 364
169 386 288
228 459 947
469 41 114
375 189 723
383 424 250
59 84 4
159 304 506
82 340 830
172 94 194
350 451 558
124 405 213
103 51 814
424 325 136
214 213 730
189 397 524
489 324 929
299 234 201
202 136 427
322 45 415
469 380 749
25 256 368
480 263 892
31 123 413
149 221 508
118 87 274
444 246 653
247 54 720
2 39 603
37 380 148
293 41 659
403 341 518
420 296 372
207 7 329
164 495 992
382 474 33
315 363 930
312 93 238
142 49 833
33 96 374
34 187 981
282 211 700
396 315 451
434 226 975
486 371 589
449 268 666
38 99 355
49 31 650
337 97 614
491 450 70
490 325 552
99 260 531
63 177 132
399 187 335
139 146 517
99 67 2
195 104 598
95 472 310
60 374 649
291 85 496
21 176 618
443 211 844
202 112 80
473 428 526
100 65 661
198 325 675
21 487 291
349 160 997
62 101 883
320 416 984
447 269 845
107 345 598
88 433 133
249 381 931
334 147 340
116 251 422
138 424 793
389 387 52
489 198 110
399 500 810
458 364 107
184 267 854
495 212 171
298 458 943
71 124 571
448 70 683
363 310 848
398 18 954
207 300 340
454 22 294
372 414 891
497 143 377
311 43 733
329 387 176
459 292 595
144 423 216
5 148 375
123 109 464
79 339 324
112 21 217
134 375 943
258 247 416
289 26 657
159 346 832
268 187 248
40 276 405
477 360 206
399 287 42
69 476 635
25 418 428
148 478 48
125 197 2
37 7 421
79 131 162
159 69 218
310 139 304
35 65 674
277 63 504
308 402 682
197 388 571
450 343 130
57 170 601
132 105 121
145 201 255
207 139 877
405 176 704
237 321 512
447 298 780
408 30 831
366 151 478
454 500 710
127 282 144
350 73 929
155 18 653
44 328 527
149 257 288
95 50 901
435 79 346
461 140 34
163 272 647
54 433 856
175 247 503
137 138 478
80 231 406
185 209 796
247 240 204
185 324 436
374 388 808
27 307 408
429 258 766
156 160 725
136 330 137
357 457 240
36 498 310
436 272 137
348 160 393
356 119 591
418 236 212
180 395 781
43 269 499
441 181 151
3 90 240
300 464 850
46 499 485
147 494 775
258 348 930
25 337 15
192 59 929
465 400 759
473 471 221
74 120 176
256 82 861
482 392 45
308 110 17
332 370 579
233 380 794
366 24 438
98 357 210
310 284 200
374 349 423
43 363 409
63 89 861
180 344 43
164 83 594
151 149 557
284 231 144
217 75 650
463 321 750
283 305 529
303 199 841
115 291 243
142 248 750
163 241 538
275 189 205
55 186 483
114 405 964
190 242 251
361 466 140
143 28 458
6 319 620
373 31 392
152 44 756
223 343 536
383 438 457
499 189 331
29 156 229
21 259 587
130 243 23
443 328 683
337 286 516
473 483 494
233 270 337
308 367 804
25 381 703
153 447 274
117 130 210
77 37 359
199 224 43
153 61 296
374 143 892
190 255 488
455 423 787
59 41 629
7 264 778
426 231 396
264 55 908
353 468 738
67 129 140
437 15 837
425 227 981
398 6 359
63 234 529
428 151 543
18 170 935
205 1 151
249 370 288
439 425 664
76 480 764
253 165 887
202 463 70
248 485 614
89 181 442
384 231 196
54 154 244
342 363 956
485 354 894
127 467 101
356 377 293
301 70 477
90 167 581
406 174 100
239 333 919
241 19 226
100 176 146
431 363 980
463 361 246
10 264 784
134 378 172
34 80 281
14 5 491
95 435 38
81 395 181
485 260 992
435 75 537
206 294 202
4 408 5
310 19 445
221 161 291
83 270 978
25 7 702
8 26 729
79 258 53
327 383 515
491 154 523
234 409 441
381 446 646
39 432 291
195 439 552
495 282 192
47 197 14
292 13 411
50 74 391
284 31 745
286 131 362
323 12 784
52 385 837
201 26 235
320 325 974
283 23 372
80 121 103
59 255 366
333 422 974
438 218 392
493 133 83
65 87 735
92 456 389
158 126 808
64 118 829
349 431 197
293 333 523
176 258 457
89 176 225
8 160 388
226 204 55
221 460 474
21 182 283
449 108 661
92 313 280
102 138 479
317 200 74
184 139 690
297 13 513
136 341 813
138 364 947
283 498 460
338 47 855
462 192 326
12 218 560
333 246 955
174 212 532
470 279 802
67 38 985
408 155 419
270 323 514
162 454 112
115 6 873
254 272 953
221 322 522
327 318 111
205 479 182
104 498 460
215 212 236
13 3 323
465 144 176
12 278 753
19 3 621
289 313 748
310 143 990
247 392 716
86 479 274
67 93 800
225 116 219
254 92 561
76 136 42
418 200 630
9 29 3
152 340 812
84 184 860
475 235 674
444 426 984
208 292 550
14 432 461
213 98 536
190 195 925
149 89 215
17 120 719
429 240 634
126 337 679
44 64 959
204 142 242
44 29 788
96 43 563
77 343 266
26 456 657
319 86 895
411 448 610
194 406 494
101 34 354
395 369 417
427 471 957
202 67 905
386 164 915
88 262 36
382 392 751
122 453 221
324 28 735
285 116 624
226 466 193
203 275 943
197 334 707
207 485 768
108 88 253
283 224 599
432 79 363
237 123 289
64 393 381
17 332 536
47 135 520
136 224 986
260 453 171
51 302 153
299 441 627
145 342 702
494 256 681
495 343 679
253 203 418
260 130 194
108 137 360
92 447 180
64 94 831
86 489 263
418 104 917
282 417 924
410 475 453
6 412 551
429 200 687
150 335 605
215 186 536
245 239 851
291 117 804
376 233 580
264 238 972
161 229 326
121 14 950
384 156 834
440 194 735
157 479 246
255 491 486
163 65 478
203 223 260
69 308 365
27 306 104
54 163 555
174 306 830
248 116 736
276 439 462
201 295 715
19 261 461
453 296 633
104 193 25
82 120 734
359 449 816
109 385 237
291 144 186
363 178 191
23 377 548
29 101 807
111 87 943
119 109 271
130 236 667
299 471 903
438 336 385
99 435 789
68 46 654
470 211 927
439 274 941
171 437 895
205 81 748
184 96 457
101 279 748
205 179 65
191 487 366
450 433 662
245 435 135
485 51 227
109 229 849
223 121 942
159 267 500
238 76 767
154 482 561
191 287 681
63 198 150
16 28 325
487 269 443
497 213 533
454 189 898
308 161 346
440 18 805
340 53 714
468 256 829
200 419 763
77 222 30
483 285 542
198 469 722
75 303 857
469 16 712
298 288 881
402 8 220
130 494 27
263 379 895
229 79 452
80 445 635
440 193 203
214 466 204
416 154 517
404 437 162
313 428 769
161 94 453
488 47 644
90 458 711
104 37 987
202 478 687
326 33 572
13 54 615
302 129 195
487 34 955
20 396 655
148 82 341
254 441 281
163 417 697
421 302 166
441 30 545
374 269 543
325 231 838
215 147 253
9 276 9
378 49 82
77 107 784
116 81 388
8 81 858
141 64 73
70 68 341
220 444 954
24 8 392
187 326 194
247 302 185
143 176 403
253 475 400
266 466 95
110 270 457
141 79 971
59 421 527
31 82 111
233 13 743
318 192 373
89 377 958
162 299 543
38 46 852
155 441 184
427 494 222
287 120 778
29 43 992
73 165 122
319 332 803
487 224 832
11 23 810
57 292 198
38 409 476
74 229 751
388 205 301
108 269 937
32 224 202
116 280 507
54 377 665
479 103 71
297 43 206
425 202 17
68 256 136
444 233 657
351 44 854
350 470 876
260 58 269
71 250 425
283 360 455
15 117 445
184 274 392
214 240 848
20 47 499
341 102 316
403 97 365
103 232 6
361 283 877
3 450 997
4 135 900
64 376 76
455 212 879
159 158 190
454 321 306
222 371 131
345 396 351
364 320 941
197 296 792
474 54 832
114 37 800
309 484 752
449 116 832
158 123 593
398 353 800
340 105 357
327 448 88
2 127 645
224 197 304
357 368 467
420 131 831
119 320 464
419 47 580
437 283 568
333 395 339
128 311 599
280 9 127
121 11 982
270 380 914
45 287 556
16 205 568
305 115 354
451 266 700
267 60 501
180 107 481
413 114 904
5 487 365
403 336 872
257 186 425
3 53 309
93 283 743
57 492 559
377 76 259
35 402 330
419 130 118
466 167 712
297 324 878
499 268 386
443 500 383
68 142 849
357 208 568
428 455 310
366 89 850
146 284 173
457 390 908
372 230 960
38 467 605
77 495 946
19 113 154
79 77 279
109 79 398
468 115 396
329 308 277
440 323 415
487 150 829
8 170 507
253 369 462
263 363 88
32 255 691
401 427 193
309 406 351
489 425 86
465 135 361
485 27 767
387 97 162
106 41 674
325 155 972
278 469 601
310 6 548
20 78 108
117 30 889
167 30 344
384 492 549
237 78 85
201 386 528
7 5 369
289 485 911
224 306 179
148 32 21
123 344 444
171 57 295
19 12 5
74 208 975
170 255 909
223 125 877
36 251 300
377 243 470
29 59 222
213 452 907
339 490 527
470 228 654
134 175 926
85 241 285
421 365 335
366 215 327
37 18 15
335 84 506
337 442 940
471 96 212
306 190 24
58 33 199
138 119 904
293 400 363
387 277 781
453 282 835
129 82 451
252 475 480
144 200 549
280 369 595
293 483 515
199 456 508
21 304 991
316 105 390
111 385 755
186 445 643
89 7 655
341 410 688
336 180 748
70 309 911
120 80 464
401 29 864
270 144 664
17 86 111
418 110 531
80 257 873
61 2 733
248 279 912
27 9 689
362 350 890
305 463 92
328 53 881
493 204 519
109 419 603
182 310 190
474 450 92
77 284 915
142 303 256
11 397 185
139 12 217
67 280 705
99 220 680
477 92 32
226 118 917
176 475 572
413 46 285
79 122 783
115 180 877
22 63 923
74 421 19
1 3 853
357 179 165
182 69 512
280 15 262
19 103 163
336 90 636
159 2 529
158 290 459
191 112 497
233 395 690
150 127 931
467 468 345
454 276 708
261 485 520
407 332 55
394 276 481
444 106 616
323 290 146
297 261 234
425 159 580
99 248 656
244 421 449
108 343 769
87 174 684
319 51 574
442 123 527
381 234 498
468 270 500
432 80 22
253 260 543
305 405 961
186 192 552
1 11 319
20 4 897
41 165 22
359 433 533
291 390 612
424 304 591
250 119 459
428 328 735
348 410 532
129 104 257
289 222 113
220 480 41
49 80 777
333 12 272
266 92 554
185 424 907
165 133 915
170 413 154
303 268 932
222 88 85
129 405 180
63 329 621
194 132 606
387 111 156
308 230 942
161 6 209
121 261 508
124 157 636
338 426 269
321 139 870
150 48 146
237 101 46
94 86 262
127 184 693
4 3 334
158 210 654
1 178 747
476 25 820
264 30 254
498 18 144
169 265 11
104 221 451
13 35 671
98 205 10
31 1 988
261 254 373
103 256 298
436 225 734
17 281 531
294 21 969
346 464 958
255 265 165
410 105 579
308 441 769
400 150 581
303 413 207
440 244 344
427 189 225
401 449 918
117 439 63
447 354 586
56 39 484
354 307 96
116 147 745
5 59 705
137 1 63
94 132 415
48 72 306
67 73 414
277 17 38
62 125 128
106 54 916
182 94 353
166 142 722
330 351 817
232 302 246
324 74 44
184 188 711
359 292 687
419 223 761
372 121 707
168 337 957
409 71 153
58 219 314
38 132 297
215 117 488
112 261 683
408 15 78
203 31 826
32 129 513
134 4 549
223 318 641
148 1 85
380 213 732
479 362 242
394 467 501
359 59 233
267 83 140
86 450 516
27 98 353
109 235 324
336 185 252
436 314 421
18 36 994
143 62 424
395 394 228
97 185 121
329 6 521
274 169 173
228 30 929
127 254 229
370 99 561
94 203 778
187 462 11
413 11 47
415 91 96
95 461 978
265 11 733
126 388 138
363 303 414
123 327 709
141 360 886
303 295 326
71 381 904
41 398 59
338 272 57
420 193 493
373 367 535
18 21 703
410 382 632
32 76 509
488 70 188
471 179 554
155 352 34
9 259 175
493 250 557
446 493 469
106 98 502
249 285 106
205 283 940
77 339 44
122 3 569
147 422 866
23 88 124
34 435 333
155 239 763
179 123 174
418 304 435
239 142 808
336 495 893
297 114 894
232 5 786
237 328 350
184 37 900
437 395 600
64 72 1000
120 171 303
181 424 686
145 283 264
383 346 7
250 302 664
152 55 962
111 478 103
381 49 98
391 433 466
228 84 759
492 294 956
420 266 660
266 498 915
372 127 22
113 93 557
143 328 753
4 172 934
463 302 339
162 408 810
219 166 468
378 100 798
223 90 505
78 58 673
4 268 238
105 366 416
72 500 860
446 307 121
374 181 729
159 263 885
170 87 247
264 212 953
216 427 223
433 75 111
40 129 715
317 260 982
413 225 122
341 335 393
264 407 133
97 148 47
453 125 733
172 166 726
146 389 132
8 300 816
137 436 364
316 117 465
122 492 109
444 60 494
176 65 466
10 389 477
283 301 250
1 173 787
397 133 417
488 247 827
29 145 595
168 328 674
424 176 385
293 112 939
471 375 379
440 467 791
394 7 975
140 279 321
189 234 694
304 438 689
498 321 415
361 400 481
51 39 325
159 405 739
106 308 763
21 52 670
418 473 216
29 484 214
296 232 503
332 314 55
329 179 914
434 98 587
298 136 802
308 249 490
123 98 141
436 151 814
374 499 270
274 239 958
201 143 485
187 202 608
23 20 197
302 200 471
455 226 156
286 475 681
330 301 953
159 154 625
62 104 881
438 178 334
252 368 560
304 311 889
225 272 472
234 268 999
494 15 40
312 446 313
95 469 146
151 1 650
17 4 230
66 482 371
33 41 540
188 429 3
226 318 398
48 365 179
462 77 179
278 137 403
448 388 338
270 407 560
187 26 660
153 413 1
256 239 897
44 90 693
31 234 244
95 3 919
252 406 668
476 410 451
66 247 251
146 231 710
372 500 731
12 9 819
24 32 566
161 263 918
310 214 223
417 472 665
78 397 863
210 329 592
497 65 580
206 107 39
440 451 198
63 54 594
89 227 877
201 173 581
38 112 359
149 448 283
417 325 235
214 273 937
35 237 145
337 227 212
9 312 91
17 484 159
386 107 902
486 60 292
30 412 427
160 146 304
57 88 588
130 422 396
77 213 905
16 265 713
17 22 638
358 99 193
459 345 893
463 137 996
240 39 634
68 196 149
436 311 883
114 366 840
148 304 313
196 212 29
209 388 296
129 240 44
4 414 867
399 270 614
271 85 528
490 90 913
484 289 998
281 110 712
51 482 912
234 470 710
182 224 791
141 28 248
436 454 294
236 409 374
411 341 608
16 108 620
345 442 806
359 10 805
105 36 750
127 259 424
358 390 232
314 430 25
2 1 711
249 1 187
4 238 680
6 4 799
410 82 233
9 15 197
250 78 634
256 2 715
320 169 868
195 250 829
68 428 735
124 351 277
158 366 346
334 116 747
135 489 127
423 352 47
199 370 813
240 432 577
266 329 95
347 276 705
437 434 801
397 52 982
175 159 963
386 102 72
416 344 605
50 71 565
24 30 417
435 296 386
244 175 195
67 122 545
192 319 877
153 297 212
162 470 245
199 243 986
299 49 729
300 393 15
397 452 52
389 481 242
59 297 777
379 390 539
177 325 218
330 328 770
400 431 690
176 374 113
437 364 930
429 44 982
126 494 440
61 276 498
284 341 56
87 84 733
28 117 539
52 140 31
364 56 378
451 384 822
447 95 151
44 153 584
50 2 477
430 380 587
119 197 966
236 240 653
411 266 866
361 105 132
192 50 871
277 415 170
195 366 423
436 479 588
31 295 141
473 498 360
333 112 733
322 267 455
27 233 876
384 377 200
492 383 532
32 132 180
14 468 557
469 432 496
203 361 378
340 144 971
188 227 6
104 469 752
64 163 823
334 340 545
28 294 345
377 155 837
56 154 533
69 446 527
150 156 532
488 444 925
474 421 535
243 335 109
204 92 259
117 173 542
134 83 80
157 26 251
141 241 552
239 384 358
177 64 432
241 313 521
155 53 850
7 8 451
307 46 435
118 111 512
259 56 671
166 430 331
395 96 145
338 212 472
430 179 940
244 457 560
36 143 974
295 416 429
121 367 865
449 323 547
169 34 941
165 430 725
207 460 495
131 5 10
34 30 75
467 97 283
91 120 427
341 302 372
433 112 548
83 485 616
8 62 533
468 28 7
123 125 542
31 190 213
98 297 251
435 436 651
294 325 224
419 365 444
247 453 580
471 183 240
240 45 104
315 306 819
190 497 327
5 31 334
463 70 733
465 46 362
416 56 715
187 353 47
39 35 464
330 348 798
261 415 527
379 495 668
276 185 393
236 156 515
439 210 896
475 103 318
128 20 552
381 298 10
204 99 150
464 235 257
392 422 410
120 393 427
396 413 310
49 379 515
17 269 832
392 413 869
355 499 431
338 458 890
171 386 181
452 222 357
65 202 281
183 131 673
179 69 481
87 347 1000
487 6 22
348 497 167
236 124 999
126 430 670
292 283 894
275 259 916
180 240 698
107 168 510
304 411 393
4 225 532
376 67 111
497 320 226
269 291 441
19 493 198
121 163 246
446 287 596
292 172 129
205 8 485
70 189 797
210 154 412
253 276 763
60 45 255
111 154 316
361 63 172
7 237 904
146 166 281
20 335 512
383 197 428
87 447 967
5 12 573
228 224 431
383 487 997
434 267 442
212 331 537
412 16 317
120 413 843
234 445 656
320 108 627
287 353 833
410 376 66
335 190 359
279 383 316
115 29 709
30 237 389
207 272 287
194 446 45
107 52 577
223 396 161
289 297 165
249 321 629
83 88 314
204 37 852
35 331 380
130 151 522
290 199 420
396 244 232
431 169 259
213 144 125
34 422 541
216 201 704
85 420 237
131 479 537
152 397 303
436 298 435
104 493 36
260 132 995
154 1 160
91 234 452
24 1 730
365 62 387
185 211 645
116 202 972
263 274 996
67 91 794
63 83 761
420 238 368
21 190 171
365 497 322
46 362 950
328 150 329
28 327 11
319 12 594
136 300 163
154 480 651
9 16 609
34 448 907
155 38 492
106 499 600
493 109 219
14 156 287
457 178 469
237 382 561
367 181 665
223 245 22
28 48 432
328 310 680
202 473 975
44 384 252
155 199 140
54 206 859
464 493 639
209 444 829
78 22 950
55 52 464
376 277 554
366 53 342
158 145 862
111 55 19
245 187 848
68 178 471
443 200 923
270 1 153
168 488 591
192 69 698
253 213 780
185 317 92
377 52 71
14 450 624
246 241 970
136 102 872
468 112 61
335 98 635
66 459 806
44 254 148
235 409 565
205 243 981
184 22 745
124 271 413
129 58 263
356 237 688
440 51 771
117 301 848
105 304 356
260 333 565
224 258 231
397 384 402
26 174 690
313 262 315
356 375 821
288 115 592
147 475 99
108 62 215
172 302 672
4 239 302
158 39 521
328 262 561
304 464 909
141 105 524
174 197 214
260 69 470
432 179 204
292 495 997
326 56 177
294 402 296
290 75 194
231 398 915
330 326 491
485 274 599
353 163 404
442 210 425
307 329 689
316 289 300
475 165 456
481 137 351
70 127 488
77 35 413
330 257 864
17 99 495
471 365 5
23 167 258
116 322 811
450 411 711
91 183 824
29 186 994
231 330 795
77 48 752
106 122 668
25 75 889
235 68 791
135 337 35
410 255 607
167 205 811
442 276 363
48 82 961
460 249 635
55 478 701
69 5 465
497 379 248
27 139 863
441 64 883
80 119 595
204 103 625
343 78 467
61 323 828
495 371 290
218 34 61
32 141 310
315 390 547
290 42 721
314 297 684
7 144 597
162 49 153
150 121 846
71 330 843
254 492 368
233 472 635
424 156 392
91 9 333
6 43 866
296 219 823
66 323 89
267 399 229
459 24 285
141 456 933
455 28 953
201 234 684
111 399 928
133 32 205
90 158 154
51 114 531
414 16 784
58 169 289
441 497 125
1 79 479
493 460 813
28 156 240
266 441 833
60 124 669
182 58 125
346 359 539
129 101 308
463 105 221
394 193 622
417 149 282
338 31 255
176 497 767
208 300 830
95 308 90
474 234 269
236 116 995
23 146 594
258 412 116
66 37 102
305 79 440
420 178 394
16 88 408
226 305 409
317 128 568
316 62 201
7 149 878
419 403 765
465 33 989
338 441 45
345 24 843
205 353 110
471 17 474
63 315 347
57 498 41
354 484 597
104 476 843
262 109 313
469 173 32
183 48 830
20 235 908
493 290 221
470 386 313
58 391 615
393 232 38
453 423 627
314 395 755
350 200 57
267 127 712
15 418 426
294 359 168
168 127 861
169 37 172
45 319 444
262 98 43
426 99 238
71 417 904
104 270 153
84 56 401
75 464 901
156 124 378
16 34 878
443 383 100
395 498 363
475 480 887
109 57 362
161 458 939
52 24 503
145 468 610
498 465 517
166 415 995
301 393 889
358 201 253
474 217 26
40 229 573
369 483 396
65 52 704
355 282 635
9 2 421
118 260 134
65 7 773
401 131 746
351 448 393
449 327 895
46 206 236
304 332 903
277 23 460
262 204 760
96 226 748
51 230 811
259 95 214
207 449 295
199 392 591
273 155 392
249 386 999
356 391 503
242 270 886
114 130 549
174 76 124
215 68 784
283 60 327
464 147 197
115 80 26
280 134 432
394 226 915
309 166 136
117 438 58
165 131 415
14 345 433
476 314 486
6 314 842
14 394 437
179 354 229
122 254 221
100 314 121
213 365 639
115 20 666
161 76 796
39 418 598
378 1 23
479 467 339
281 287 422
139 120 539
128 426 997
165 177 135
118 302 440
333 436 458
406 82 972
349 433 600
271 81 323
404 466 93
424 75 163
165 465 364
450 28 103
172 400 732
202 84 482
482 156 817
32 45 378
355 240 868
192 326 255
350 68 115
384 206 132
46 136 487
404 215 804
255 210 27
457 185 575
310 398 583
438 236 299
360 113 509
486 228 569
60 268 990
256 371 612
229 4 677
128 239 977
320 145 138
196 106 944
287 202 788
317 382 566
61 213 975
456 474 357
184 358 999
447 478 929
452 410 559
231 421 880
189 100 230
225 34 352
124 386 610
331 239 113
106 120 40
451 457 178
285 355 743
146 168 254
4 72 296
28 26 389
405 85 769
263 151 678
96 38 766
58 395 214
126 179 768
10 59 929
467 145 791
221 116 665
297 194 580
218 363 175
28 42 928
143 272 647
308 394 357
113 296 215
370 395 235
415 79 754
357 121 221
183 160 58
10 3 393
142 118 137
276 258 665
40 36 59
452 261 472
428 246 104
259 480 461
433 221 624
71 389 634
490 115 839
23 144 447
367 488 58
404 455 819
80 56 534
496 464 382
473 169 375
371 296 372
124 58 723
169 317 334
235 153 27
386 21 472
398 441 454
135 366 356
283 433 235
496 187 977
133 500 405
150 44 86
228 373 206
230 24 280
260 304 69
181 357 497