1000 2000 10
0
0
0
0
1 8
0
0
0
0
0
0
0
0
0
0
0
0
0
0
0
0
0
0
0
0
0
0
0
0
0
0
0
0
0
0
0
0
0
0
0
0
0
0
0
0
0
0
0
0
0
0
0
1 5
0
0
0
1 3
0
0
0
0
0
0
0
0
0
0
0
0
0
0
0
0
0
0
0
0
0
1 6
0
0
0
0
0
0
0
0
0
0
0
0
0
0
0
0
0
0
0
0
0
0
0
0
0
0
0
0
0
0
0
0
0
0
0
0
0
0
0
0
0
0
0
0
0
0
0
0
0
0
0
0
0
0
0
0
0
0
0
0
0
0
0
0
0
0
0
0
0
0
0
0
0
0
0
0
0
0
0
0
0
0
0
0
0
0
0
0
0
0
0
0
0
0
0
0
0
0
0
0
0
0
0
0
0
0
0
0
0
0
0
0
0
0
0
0
0
0
0
0
0
0
0
0
0
0
0
0
0
0
0
0
0
0
0
0
0
0
0
0
0
0
0
0
0
0
0
0
0
0
0
0
0
0
0
0
0
0
0
0
0
0
0
0
0
0
0
0
0
0
0
0
0
0
0
0
0
0
0
0
0
0
0
0
0
0
0
0
0
0
0
0
1 4
0
0
0
0
0
0
0
1 9
0
0
0
1 7
0
0
0
0
0
0
0
0
0
0
0
0
0
0
0
0
0
0
0
0
0
0
0
0
0
0
0
0
0
0
0
0
0
0
0
0
0
0
0
0
0
0
0
0
0
0
0
0
0
0
0
0
0
0
0
0
0
0
0
0
0
0
0
0
0
0
0
0
0
0
0
0
0
0
0
0
0
0
0
0
0
0
0
0
0
0
0
0
0
0
0
0
0
0
0
0
0
0
0
0
0
0
0
0
0
0
0
0
0
0
0
0
0
0
0
0
0
0
0
0
0
0
0
0
0
0
0
0
0
0
0
0
0
0
0
0
0
0
0
0
0
0
0
0
0
0
0
0
0
0
1 4
0
0
0
0
0
0
0
0
0
0
0
0
0
0
0
0
0
0
0
0
0
0
0
0
0
0
1 10
0
0
0
0
0
0
0
0
0
0
0
0
0
0
0
0
0
0
0
0
0
0
0
0
0
0
0
0
0
0
0
0
0
0
0
0
1 8
0
0
0
0
0
0
0
0
0
0
0
0
0
0
0
0
0
0
0
1 5
0
0
0
0
0
0
0
0
0
0
0
0
0
0
0
0
0
0
0
0
0
0
0
0
0
0
0
0
0
0
0
0
0
0
0
0
0
0
0
0
0
0
0
0
0
0
0
0
0
0
0
0
0
0
0
0
0
0
0
0
0
0
0
0
0
0
0
0
0
0
0
0
0
0
0
0
0
0
0
0
0
0
0
0
0
0
0
0
0
0
0
0
0
0
0
0
0
0
0
0
0
0
0
0
0
0
0
0
0
0
0
0
0
0
0
0
0
0
0
0
0
0
0
0
0
0
0
0
0
0
0
0
0
0
0
0
0
0
0
0
0
0
1 2
0
0
0
0
0
0
0
0
0
0
0
0
0
0
0
0
0
0
0
0
0
0
0
0
0
0
0
0
0
0
0
0
0
0
0
0
0
0
0
0
0
0
0
0
0
0
0
0
0
0
0
0
0
0
0
0
0
0
0
0
0
0
0
0
0
0
0
0
0
0
0
0
0
0
0
0
0
0
0
0
0
0
0
0
0
0
0
0
0
0
0
0
0
0
0
0
0
0
0
0
0
0
0
0
0
0
0
0
0
0
0
0
0
0
0
0
0
0
0
0
0
0
0
0
0
0
0
0
0
0
0
0
0
0
0
0
0
0
0
0
0
0
0
1 9
0
0
0
0
0
0
0
0
0
0
0
0
0
0
0
0
0
0
0
0
0
0
0
0
0
0
0
0
0
0
0
0
0
0
0
0
0
0
0
0
0
0
0
0
0
0
0
0
0
0
0
0
0
0
0
0
0
0
0
0
0
0
0
0
0
0
0
0
0
1 1
0
0
0
0
0
0
0
0
0
0
0
0
0
0
0
0
0
0
0
0
0
0
0
0
0
0
0
0
0
0
0
0
0
0
0
0
0
0
0
0
0
0
0
0
0
0
0
1 7
0
0
0
0
0
0
0
0
0
0
0
0
0
0
0
0
0
0
0
0
0
0
0
0
0
0
0
0
0
0
0
0
0
0
0
0
0
0
0
0
0
0
0
0
0
0
0
0
0
0
0
0
0
0
0
0
0
0
0
0
0
0
0
0
0
0
1 10
0
0
0
0
0
0
0
0
0
725 822 270
1000 999 820
518 517 21
408 200 710
918 920 135
652 653 34
169 544 303
267 265 403
347 154 392
39 41 414
67 179 439
880 897 940
566 384 182
125 21 977
291 292 709
430 638 694
195 672 957
731 733 472
422 421 538
434 433 849
513 514 977
875 873 330
871 183 128
710 712 195
994 183 747
781 783 50
428 427 584
549 547 529
298 299 666
321 319 194
50 48 58
208 206 613
541 880 62
472 470 991
13 836 349
744 742 153
132 131 969
792 794 422
721 720 771
94 702 630
241 463 832
665 666 532
554 555 548
69 71 50
734 732 94
997 998 901
700 702 756
988 543 681
273 275 765
92 93 442
691 692 20
635 633 338
95 94 992
299 191 729
870 868 385
209 208 564
248 249 410
44 250 751
910 909 785
451 728 606
49 1000 406
243 242 705
868 565 223
175 176 416
390 388 856
85 63 345
265 383 365
814 813 377
662 664 796
403 904 15
866 868 53
204 203 877
318 414 380
137 90 749
103 101 755
685 930 344
827 829 666
627 629 923
34 33 60
379 526 986
365 908 264
869 702 585
778 916 586
383 382 269
48 47 564
286 285 342
858 860 193
677 676 25
281 283 913
248 247 451
376 374 968
961 722 13
767 768 678
859 858 277
373 372 759
868 423 882
162 761 870
406 822 646
810 752 661
571 572 773
455 457 241
550 71 484
968 966 140
311 309 486
98 99 734
719 717 89
260 727 13
816 240 199
416 415 354
580 581 490
227 228 659
416 930 314
875 231 821
95 96 620
468 271 183
764 762 318
763 541 630
505 245 463
222 221 766
219 221 643
136 137 955
800 610 81
756 758 793
818 338 845
547 436 329
236 237 157
25 27 702
129 921 923
765 304 368
830 828 292
826 32 858
991 989 337
905 904 409
494 868 430
470 490 966
140 142 576
543 541 713
241 470 544
640 724 749
751 749 581
378 380 908
679 677 149
630 325 175
410 412 652
363 365 647
656 401 503
352 350 614
771 59 430
750 117 834
465 464 541
351 350 960
758 498 90
264 265 323
907 718 539
982 984 677
232 50 913
859 799 428
226 760 298
573 574 110
586 417 229
317 971 787
616 615 305
913 493 988
280 278 389
334 336 786
681 683 230
260 553 34
781 819 4
289 924 695
393 455 250
193 19 305
306 308 62
612 611 47
737 739 134
248 566 49
477 392 456
831 829 288
448 446 192
529 528 553
503 784 949
583 581 630
393 395 544
832 830 413
201 199 826
252 250 1000
776 777 757
751 174 270
38 39 846
247 246 990
338 337 699
634 632 684
966 967 163
395 215 287
284 293 914
456 454 755
154 155 873
101 100 431
481 822 26
974 779 568
507 538 937
367 32 502
736 737 4
709 707 74
167 168 189
139 140 449
20 19 569
527 525 505
944 963 417
487 408 420
524 525 859
688 447 205
366 367 941
769 770 917
425 427 823
950 253 487
334 332 604
727 729 88
776 774 404
385 384 939
381 382 721
191 566 502
633 632 404
993 991 84
237 1 440
59 518 729
867 450 22
799 797 237
180 182 550
209 274 444
714 716 195
461 460 297
308 253 538
163 165 409
760 167 653
951 794 810
377 379 729
997 999 314
587 585 426
842 657 600
180 179 929
568 930 355
325 324 189
575 573 145
369 587 325
444 505 144
192 194 31
976 200 726
776 473 238
661 659 401
511 512 268
848 597 102
888 886 980
585 586 399
328 326 329
453 455 392
78 80 780
71 595 576
717 478 6
495 494 313
51 53 894
608 606 637
854 618 397
329 330 474
658 704 174
305 723 121
504 918 537
475 474 144
239 389 923
689 963 923
849 552 408
11 244 673
997 946 197
437 435 4
637 423 561
172 310 467
816 818 407
850 849 542
124 122 587
383 384 8
729 730 55
644 642 812
173 175 838
500 321 2
461 41 603
610 375 648
24 138 33
744 746 928
291 290 934
839 837 919
27 28 815
881 879 583
370 368 314
104 345 334
411 413 910
181 742 868
279 278 84
812 811 195
287 286 127
572 261 183
878 880 986
233 70 317
764 766 469
142 422 415
435 136 162
176 329 175
27 352 637
23 22 286
395 396 129
238 429 660
38 335 166
703 936 313
196 195 248
31 30 996
384 386 701
526 392 471
889 890 561
883 884 114
152 151 740
417 655 786
293 731 945
690 396 71
953 955 160
561 820 289
437 526 554
683 950 124
841 840 141
509 507 992
305 411 929
924 923 626
897 898 261
959 961 210
705 155 232
7 5 944
295 294 837
140 476 781
692 220 650
49 47 840
499 500 195
117 492 93
718 720 38
283 8 201
439 437 734
613 412 661
782 186 675
409 377 826
730 697 493
598 203 953
917 286 676
577 579 115
676 125 598
170 169 651
862 861 659
639 459 986
164 166 738
70 69 107
563 562 704
675 585 572
513 585 224
224 226 695
83 867 84
184 185 935
749 747 175
16 14 951
72 73 75
479 277 252
801 803 756
351 353 550
753 755 831
105 103 300
448 259 949
150 977 531
188 842 306
643 459 867
995 105 554
148 611 902
247 104 859
346 727 236
801 800 705
479 477 327
698 59 508
176 943 80
155 550 682
636 967 598
968 875 292
767 359 704
950 951 609
546 711 356
309 307 286
259 261 42
333 331 528
85 84 425
734 735 872
774 773 143
641 375 887
298 297 370
6 378 261
630 200 742
517 516 370
775 841 929
198 257 850
400 398 17
635 739 785
559 558 416
238 240 2
503 333 95
102 104 502
181 410 362
420 418 278
765 764 4
895 897 754
736 625 435
362 363 787
621 622 900
828 222 256
83 924 324
35 37 756
594 744 703
714 713 959
573 231 583
518 520 560
406 908 149
345 778 894
58 930 613
579 347 664
822 823 59
788 789 937
621 619 803
878 584 7
396 604 777
89 90 639
625 626 673
134 136 800
858 857 872
511 509 779
635 732 239
365 366 264
947 94 889
503 986 970
344 408 994
615 614 265
908 962 781
693 736 439
19 18 218
350 348 422
993 319 189
582 584 95
417 894 151
869 871 887
755 735 911
982 456 767
386 387 389
488 486 760
287 288 464
415 417 756
490 489 86
475 602 439
907 909 733
930 225 140
306 307 450
755 798 760
643 641 751
325 326 909
979 980 626
102 101 352
534 532 228
645 647 138
981 982 372
541 539 364
973 971 885
19 101 765
742 740 333
581 440 150
520 521 536
736 558 243
555 557 762
102 985 811
814 439 718
997 628 574
142 143 359
718 623 57
475 476 78
952 687 76
117 460 667
882 837 932
804 805 44
174 172 25
529 531 774
569 834 333
178 994 260
150 687 655
277 276 226
890 892 845
127 125 922
689 903 312
145 146 311
725 727 32
4 6 365
141 480 183
867 30 515
452 784 574
592 982 53
761 762 192
769 767 865
251 880 138
241 239 142
519 518 522
576 968 917
710 366 159
281 282 8
852 850 623
410 408 811
239 713 97
495 982 609
326 327 985
78 752 999
90 194 907
699 632 29
647 342 897
506 372 638
489 488 142
927 926 226
678 16 854
911 910 487
861 171 641
670 672 444
56 55 594
808 550 962
819 818 785
785 874 823
636 836 950
827 153 9
469 139 262
483 484 882
184 485 706
817 671 833
436 435 365
894 896 807
896 819 420
639 637 940
893 894 363
316 317 551
495 497 374
416 908 55
387 152 728
267 406 965
715 74 278
943 167 968
863 865 876
559 560 252
718 616 285
298 300 821
619 620 684
936 938 854
55 53 58
621 531 807
748 747 627
339 249 255
712 355 662
223 222 37
682 681 330
888 889 262
849 848 120
9 998 43
565 857 880
933 932 909
65 63 526
883 881 745
991 465 581
928 926 875
150 414 555
653 656 364
344 343 230
578 747 321
154 312 743
605 603 199
539 36 996
399 8 181
874 873 983
97 151 189
797 326 910
301 299 213
915 913 110
516 843 28
428 952 258
799 728 204
577 749 356
707 706 668
478 46 26
172 170 525
62 61 4
855 252 916
219 634 366
110 583 995
29 30 166
387 388 626
961 502 761
91 90 918
459 859 111
83 84 533
163 878 823
399 397 443
214 215 309
771 770 721
825 823 419
392 391 177
237 773 357
312 313 482
648 91 272
380 193 942
64 107 551
619 132 392
470 469 855
981 840 590
948 950 757
921 178 408
932 319 208
38 36 258
680 681 491
60 58 455
814 753 161
70 100 922
427 429 204
388 277 50
900 901 687
331 921 210
968 755 960
717 715 459
817 376 784
30 736 707
183 281 152
89 743 6
88 705 326
5 4 415
424 422 806
334 102 366
743 742 272
345 344 777
681 471 310
996 995 981
785 786 176
17 18 192
821 819 182
467 131 482
775 639 659
296 580 757
648 60 993
560 561 44
676 674 448
931 930 234
253 474 575
109 458 691
403 404 743
125 452 892
808 682 96
931 6 963
215 735 995
65 547 626
272 273 319
113 114 649
876 878 148
669 868 876
837 38 7
244 245 765
971 969 865
284 571 665
557 193 958
225 224 410
355 349 597
86 85 340
285 284 490
78 630 936
371 372 236
843 427 37
263 264 295
373 374 303
112 864 794
263 261 504
975 973 452
728 726 835
242 804 875
86 607 398
907 202 812
553 93 669
700 162 449
552 319 856
930 160 979
658 803 990
391 795 9
670 668 143
764 932 555
941 939 873
900 898 360
445 843 873
873 872 6
997 479 319
321 322 57
686 687 11
888 313 168
337 335 634
981 305 402
431 433 401
335 782 428
809 733 469
258 260 224
20 936 678
223 850 833
657 29 657
269 270 956
364 362 432
205 207 485
621 906 689
784 782 35
654 653 839
838 840 926
656 654 791
856 855 61
108 107 235
109 110 385
607 661 101
822 824 978
903 645 249
735 736 279
16 17 897
799 480 808
754 825 227
840 852 437
702 882 924
378 377 375
991 370 256
652 128 806
497 396 954
975 187 958
884 885 564
674 675 464
29 251 262
421 420 380
855 857 990
523 479 489
199 667 735
576 577 390
640 638 849
391 393 302
76 74 955
90 92 979
561 562 877
797 467 379
667 679 972
150 151 100
576 578 217
869 860 510
244 246 645
94 893 512
827 826 826
378 529 203
838 837 175
451 781 86
1 2 371
518 935 710
284 282 265
242 241 183
802 396 927
294 293 402
321 381 149
959 54 870
402 601 565
679 421 610
267 268 781
773 772 336
656 944 478
580 582 814
666 877 415
263 838 103
219 711 933
442 441 555
191 698 414
285 793 298
784 785 185
989 269 980
190 574 618
237 239 311
105 620 458
562 564 362
718 496 486
779 780 441
269 947 614
55 57 261
752 754 807
463 278 592
659 660 32
448 994 544
10 452 740
322 574 78
748 995 806
703 132 796
746 812 439
665 884 345
855 853 43
711 415 31
647 726 391
77 76 654
296 297 814
672 743 585
882 511 361
985 983 315
394 13 944
547 548 164
718 75 845
842 844 483
509 612 438
612 614 646
848 847 10
550 425 277
533 574 666
957 956 200
485 487 777
994 992 395
195 197 437
987 223 865
671 669 118
982 576 12
900 476 558
195 193 513
159 158 1000
198 196 366
126 125 40
139 189 552
705 703 439
32 195 345
382 743 210
700 407 128
276 315 301
983 610 133
98 96 949
150 391 270
997 125 512
175 177 582
881 325 359
957 635 469
118 117 946
768 650 651
110 111 572
122 310 886
831 759 272
486 484 960
143 144 574
585 583 67
207 624 666
598 449 423
739 740 526
259 63 525
811 567 875
51 920 914
874 409 601
43 44 677
163 587 651
604 606 291
514 515 313
994 993 297
477 654 42
778 990 626
767 497 516
659 658 232
500 502 607
952 953 866
760 761 907
839 666 550
962 433 1
322 768 721
895 330 47
428 955 330
569 568 182
340 341 714
555 288 155
315 172 53
24 25 367
882 912 437
219 680 435
65 662 681
390 986 912
681 250 686
328 917 887
370 25 326
506 272 887
61 60 997
451 450 264
861 671 200
414 412 864
234 194 155
8 7 698
89 51 374
722 723 359
346 348 640
226 227 906
250 249 775
39 40 496
33 31 851
22 665 905
756 757 581
989 987 768
50 52 460
1000 550 97
58 59 745
253 252 530
384 151 323
175 257 820
752 883 288
47 46 930
308 587 714
167 315 736
735 623 387
590 923 192
98 743 4
538 537 855
756 300 612
516 514 668
642 641 259
998 197 74
969 724 614
425 213 531
556 558 172
148 146 27
697 695 68
188 189 251
49 851 842
230 793 982
455 145 735
886 885 566
898 801 480
821 487 66
609 610 219
775 957 329
304 536 494
505 506 362
834 836 623
866 24 956
834 814 168
810 809 614
111 112 527
895 352 217
594 947 720
46 730 224
468 469 112
771 672 820
768 814 457
821 712 569
331 329 446
154 153 633
304 963 230
713 728 514
893 892 597
692 694 738
754 123 755
88 86 616
52 54 44
232 958 427
66 267 359
230 275 212
485 489 541
889 891 34
590 588 943
14 13 939
827 828 569
8 401 883
393 394 267
920 952 188
786 184 765
588 587 683
798 843 288
354 699 39
978 825 66
419 710 195
622 131 718
823 295 110
172 888 796
535 536 310
452 453 226
158 444 166
219 10 547
874 579 830
256 654 574
820 822 778
934 933 444
572 573 385
499 501 998
424 908 731
505 504 681
210 209 286
104 641 524
598 597 706
833 831 270
393 42 472
766 767 77
170 680 924
192 809 782
846 845 197
695 904 421
297 256 577
963 353 409
25 598 461
161 162 116
588 589 792
82 81 981
354 353 2
211 212 822
304 303 963
876 877 97
921 919 68
777 251 990
167 169 734
964 103 899
368 369 814
917 918 358
327 823 712
133 135 147
494 493 108
601 48 21
483 485 942
627 628 317
930 248 897
59 509 795
31 543 380
739 227 681
208 883 677
535 533 188
814 816 403
526 525 333
229 698 305
769 646 52
736 738 753
758 759 769
107 884 762
960 962 569
677 678 287
58 136 7
671 673 252
357 683 875
162 164 805
409 408 914
115 117 266
636 634 921
458 114 721
33 35 419
703 704 610
726 48 555
417 418 58
197 73 133
622 623 627
219 192 991
934 777 549
414 415 573
862 181 957
2 3 615
473 471 688
317 319 196
425 579 402
632 885 762
611 609 801
125 916 906
229 51 494
484 880 497
821 517 655
198 601 658
259 312 216
509 510 147
903 286 712
411 409 802
115 413 480
381 379 861
488 82 33
254 67 690
879 185 348
964 963 586
398 269 509
915 875 138
696 698 811
146 279 971
359 357 170
630 631 465
978 979 862
589 638 266
624 625 856
981 514 522
884 405 580
780 781 615
804 806 890
795 796 802
189 246 988
568 566 186
243 959 704
26 24 256
906 907 561
486 336 36
799 800 964
87 449 773
256 258 815
183 182 636
464 599 231
442 337 627
18 608 469
294 807 357
8 722 246
469 471 890
867 865 192
50 524 486
507 505 829
978 43 844
792 791 728
481 480 214
244 242 754
921 922 740
867 869 278
956 955 19
978 229 978
246 617 965
704 706 680
73 419 899
190 188 451
424 301 806
986 985 990
620 338 683
70 72 585
693 692 990
985 216 734
687 689 120
44 46 228
317 72 832
40 880 936
343 566 273
339 338 644
60 182 505
9 943 649
413 594 296
478 347 760
452 303 408
680 327 665
123 125 262
461 462 719
646 648 740
307 841 943
67 338 515
674 673 273
853 966 999
547 631 33
481 483 555
297 504 584
724 726 62
232 921 732
702 180 938
522 520 726
676 59 127
667 646 394
370 926 998
575 350 337
484 605 738
428 12 178
972 970 676
547 236 211
299 585 498
246 158 176
275 276 217
83 165 751
973 755 916
391 419 152
936 934 691
259 258 999
191 192 434
776 525 674
296 295 278
311 685 148
564 565 617
150 509 541
438 571 114
21 19 254
334 546 828
72 74 333
703 995 310
474 88 302
443 266 115
812 707 385
406 929 407
745 399 852
661 355 118
960 958 462
134 133 132
766 917 545
213 636 919
660 662 987
458 312 251
884 296 996
833 834 911
731 732 550
50 51 502
398 773 376
404 499 536
124 883 67
553 554 820
928 930 847
231 428 69
98 100 491
938 939 264
794 509 932
745 744 7
691 191 567
88 5 281
470 666 520
83 82 407
348 276 72
955 161 751
667 665 129
926 925 966
391 389 505
312 920 674
69 67 105
428 430 827
185 131 11
302 301 660
126 143 556
618 616 25
460 445 39
551 549 953
45 43 558
599 762 959
75 215 705
61 519 773
27 29 610
87 86 969
566 99 458
974 972 652
669 577 629
241 832 8
603 380 143
517 168 865
423 421 731
537 669 991
480 672 153
61 650 820
407 408 188
807 809 755
408 964 35
919 703 84
866 19 493
997 996 819
120 119 847
425 871 4
711 97 610
571 527 299
401 402 895
508 506 713
163 162 125
527 937 990
844 755 771
253 255 127
271 273 202
905 607 975
54 188 547
969 968 503
745 636 805
780 782 835
714 924 499
953 954 34
482 480 167
225 547 282
936 403 617
594 593 439
444 445 85
958 957 98
842 840 468
87 658 463
847 846 269
792 151 466
30 32 416
752 750 225
763 762 23
651 649 575
681 484 136
561 371 15
688 981 571
69 162 421
457 459 460
283 917 644
976 974 827
780 897 9
795 274 982
721 629 448
480 619 765
444 634 780
884 606 600
614 286 342
232 230 912
875 355 435
337 264 784
95 97 246
877 388 775
713 214 340
318 131 994
521 523 166
203 205 871
477 476 894
639 549 912
191 190 302
986 988 185
681 605 100
271 272 725
513 512 46
128 130 172
939 432 104
35 36 741
338 311 915
219 706 14
106 415 83
9 265 861
424 425 443
127 56 699
70 118 146
76 202 517
365 268 807
809 705 286
576 575 262
397 396 662
360 362 288
271 519 797
986 987 367
215 223 135
469 908 763
375 374 724
418 419 340
235 500 843
375 521 398
904 902 538
543 545 177
817 815 745
158 156 254
480 26 186
490 491 499
652 650 432
310 309 225
870 98 782
453 454 898
948 946 633
256 284 209
107 328 963
962 963 502
54 321 181
291 293 570
460 607 38
280 281 219
121 119 192
439 429 590
590 591 807
435 290 857
941 28 620
315 313 896
514 357 580
515 964 666
864 866 316
865 786 741
466 715 539
592 590 656
995 994 882
236 786 729
841 769 311
471 781 560
119 118 669
194 208 686
565 295 843
472 667 103
324 322 869
447 445 966
924 316 233
218 120 819
875 867 879
827 65 15
503 502 155
917 637 420
695 696 153
578 580 55
442 443 680
632 969 771
236 235 320
685 455 601
149 148 846
315 316 613
478 480 790
150 149 447
577 800 994
498 99 473
682 451 564
646 104 621
356 357 810
782 556 154
546 861 149
218 821 78
520 327 962
433 435 728
328 329 440
11 12 280
778 777 208
278 826 728
92 608 683
229 230 207
61 258 857
112 113 356
853 851 20
630 241 525
7 9 216
750 748 361
132 118 744
677 65 16
171 169 238
802 800 676
365 398 737
841 843 41
377 375 736
472 474 818
317 318 737
22 20 88
741 955 320
159 397 132
672 117 911
820 732 170
718 716 624
717 672 81
798 796 865
750 968 55
599 598 16
469 487 535
371 370 223
970 969 915
79 114 50
759 68 790
628 630 876
614 534 452
126 128 308
322 323 301
533 661 151
294 536 364
238 236 899
412 99 447
756 754 575
478 476 661
490 656 242
77 78 235
779 6 196
849 322 432
978 976 882
753 102 590
635 314 179
852 854 232
144 686 954
883 11 880
820 818 191
213 211 730
229 231 593
450 458 576
788 895 657
828 136 241
147 145 826
900 527 182
122 840 760
161 160 310
809 811 66
466 465 402
388 389 437
790 295 882
545 547 58
493 492 758
457 458 969
569 570 817
289 290 901
122 120 704
448 450 137
913 911 57
691 474 560
710 709 683
952 951 992
136 663 172
195 894 495
139 137 112
934 754 475
527 528 436
269 267 994
984 689 497
357 358 454
144 7 959
27 319 510
252 254 254
882 655 744
599 601 765
77 447 662
722 685 964
66 67 852
700 826 211
479 972 775
425 426 618
216 864 471
114 115 406
243 602 66
543 888 969
137 138 920
438 437 331
981 980 969
506 854 122
814 974 737
667 438 352
153 152 619
204 28 888
655 653 377
464 462 415
270 271 392
116 114 340
700 698 656
332 330 352
710 711 1
907 908 585
200 198 366
303 302 737
368 366 990
324 347 772
562 691 446
74 75 39
981 983 648
612 957 392
338 163 897
596 528 215
657 655 528
166 167 36
713 711 754
978 624 377
68 67 248
788 404 718
24 22 122
834 205 589
769 780 546
178 176 14
647 649 73
826 901 611
652 570 206
543 544 445
873 654 844
565 108 196
910 117 199
687 688 17
192 868 178
332 788 24
551 552 657
769 488 624
542 541 609
550 548 985
731 730 992
708 24 923
186 57 822
871 872 346
970 44 190
636 44 529
80 81 235
208 737 177
524 522 517
408 843 424
911 912 508
595 597 717
540 538 965
115 634 517
928 139 493
923 925 417
355 354 949
707 708 879
144 145 46
965 963 708
157 155 944
497 498 278
752 511 467
988 990 340
241 358 589
650 649 189
456 682 226
740 741 135
107 109 644
343 341 527
144 613 43
48 800 337
199 198 200
945 947 812
754 333 613
620 469 650
533 196 980
400 254 528
591 868 16
346 345 888
608 340 550
315 238 772
944 942 380
340 419 101
799 80 904
867 65 232
292 572 517
600 598 4
15 13 812
216 217 468
319 320 184
283 727 511
774 775 455
742 614 16
455 263 513
464 170 661
57 146 965
16 851 134
60 765 722
813 964 491
880 927 203
837 133 947
933 935 33
317 274 868
620 550 359
102 305 383
824 826 789
334 95 753
234 827 456
964 966 938
874 876 447
180 860 845
311 496 212
836 837 865
725 723 404
135 661 169
561 752 679
339 340 357
877 879 507
410 53 475
928 929 978
336 19 763
20 512 554
532 362 938
690 726 317
593 592 235
345 449 499
40 76 492
341 281 524
466 517 339
936 937 937
917 919 789
624 623 246
446 444 519
753 751 964
757 484 608
878 222 259
537 539 987
367 820 64
807 806 382
300 549 374
849 474 558
903 845 120
739 1000 208
129 128 854
219 217 613
602 600 403
843 42 707
420 587 515
94 92 386
802 921 106
990 161 243
34 833 803
460 458 242
504 502 551
983 978 794
710 937 36
255 13 998
360 358 35
132 133 347
173 171 835
601 603 726
64 62 308
570 571 243
961 928 522
188 186 796
622 216 234
87 89 940
271 340 650
372 340 546
790 788 191
636 637 136
902 901 262
146 803 400
393 612 207
399 401 597
539 381 146
885 887 479
462 57 707
39 692 502
860 861 805
122 123 479
223 224 129
790 70 719
878 778 649
201 202 214
462 153 9
893 895 393
564 566 643
11 10 996
854 152 823
495 496 831
58 57 393
566 200 991
584 858 900
795 794 817
227 229 691
147 617 960
838 386 190
996 811 631
180 181 254
36 671 817
691 689 513
305 303 257
65 479 998
685 684 565
463 462 883
766 347 798
407 406 526
756 982 473
144 53 927
44 118 58
286 571 182
807 808 127
945 474 59
977 817 831
430 916 298
985 673 940
658 656 827
306 305 273
214 212 692
278 276 308
624 383 861
645 643 715
845 844 352
467 468 120
42 43 617
207 256 681
135 126 361
662 663 142
234 233 477
945 946 41
686 694 871
849 851 633
715 713 428
339 155 668
347 345 102
972 137 390
152 45 194
853 223 640
292 842 476
64 399 457
792 83 492
902 903 814
450 452 604
375 746 177
532 533 340
240 803 250
367 946 213
25 239 65
70 393 869
423 42 964
740 342 672
603 604 752
626 126 305
983 889 994
937 307 596
265 181 312
177 179 781
10 9 850
880 882 226
4 3 852
34 739 247
429 431 996
631 632 196
686 684 792
287 289 873
572 15 490
911 317 107
187 186 78
543 551 540
443 176 514
75 887 490
449 447 659
354 356 775
608 214 583
500 409 514
476 719 429
543 261 452
777 779 179
885 973 881
63 61 293
429 958 266
9 200 185
788 786 356
795 797 332
783 285 58
622 707 70
871 684 744
471 688 331
551 553 782
286 466 71
214 216 957
992 991 721
709 424 508
424 590 513
586 265 390
209 211 334
600 183 106
21 331 774
648 9 472
484 758 783
959 957 705
488 438 83
202 203 371
627 626 540
17 254 281
31 918 762
613 495 94
40 42 921
882 257 377
218 216 594
267 463 669
636 529 152
722 721 978
760 401 233
50 580 28
78 79 760
607 609 608
913 914 43
623 770 414
233 235 224
607 606 115
735 372 310
506 406 754
201 33 267
698 917 289
815 814 201
646 2 742
631 208 53
737 624 639
931 932 55
876 33 913
702 703 893
560 659 193
611 613 94
648 824 102
440 439 719
65 66 835
977 975 796
255 378 746
982 155 365
793 792 243
519 671 199
274 955 729
567 566 499
594 595 491
556 554 997
952 422 806
646 249 591
641 640 909
569 977 56
647 331 522
396 398 55
251 249 888
900 473 875
791 790 912
949 948 969
925 18 438
446 614 886
668 669 436
772 770 877
841 993 480
74 703 311
227 745 76
264 266 951
238 491 681
580 458 907
615 617 565
862 864 867
112 497 362
254 256 675
651 716 849
688 690 478
723 731 433
861 863 643
665 664 41
667 668 322
278 272 988
594 596 587
722 724 497
446 294 659
403 401 789
544 546 937
260 262 763
841 175 157
141 140 183
536 537 685
643 121 698
462 546 511
406 404 860
938 424 214
98 97 295
995 719 387
945 943 421
646 644 516
341 177 919
759 760 205
940 939 247
405 129 505
451 337 828
253 288 49
657 247 766
595 469 900
914 916 684
218 220 239
682 684 155
658 400 702
348 349 526
616 796 672
548 97 270
530 532 897
902 401 667
136 763 700
185 186 995
130 131 203
159 160 360
942 941 961
335 333 751
342 341 951
436 564 805
444 443 805
905 4 788
618 787 689
466 467 36
502 690 787
432 430 422
911 773 931
470 405 810
657 628 690
441 440 349
498 499 922
803 804 187
647 842 479
272 274 885
967 748 207
899 898 678
885 714 540
941 943 620
426 942 337
13 11 332
312 314 905
105 107 171
33 760 368
105 671 293
701 699 318
104 106 727
132 495 416
256 257 629
202 560 248
190 339 498
404 405 912
193 192 593
361 359 547
112 753 865
138 41 933
606 451 215
678 680 346
813 811 514
378 809 204
231 233 226
760 347 651
204 206 299
697 979 615
698 699 185
916 917 374
835 834 540
839 84 147
923 921 518
860 627 434
676 784 860
529 530 24
422 589 687
540 11 479
619 617 90
987 727 1
786 787 420
156 154 495
700 213 184
638 637 825
695 694 214
904 906 194
277 545 730
178 402 948
183 184 277
848 201 95
311 312 90
492 491 993
465 935 846
377 656 38
995 203 125
747 746 111