900 2000 10
0
0
0
0
0
0
0
0
0
0
1 4
0
0
0
0
0
1 1
0
0
0
0
0
0
0
0
0
0
0
0
0
0
0
0
0
0
0
0
0
0
0
0
0
0
0
0
0
0
0
0
0
0
0
0
0
0
0
0
0
0
0
0
0
0
0
0
0
0
0
0
0
0
0
0
0
0
0
0
0
0
0
0
0
0
0
0
0
0
0
0
0
1 6
0
0
0
0
0
0
0
0
0
0
0
0
0
0
0
0
0
0
0
0
0
0
0
0
0
0
0
0
0
0
0
0
0
0
0
0
0
0
0
0
0
0
0
0
0
0
0
0
0
0
0
0
0
0
0
0
0
0
0
0
0
0
0
0
0
0
0
0
0
0
0
0
0
0
0
0
0
0
0
1 7
0
0
0
0
0
0
0
0
0
0
0
0
0
0
0
0
0
0
0
0
0
0
0
0
0
0
0
0
0
0
0
0
0
0
0
0
0
0
0
0
0
0
0
0
0
0
0
0
0
0
0
0
0
0
0
0
0
0
0
0
0
0
0
0
0
0
0
0
0
0
0
0
0
0
0
0
0
0
0
0
0
0
0
0
0
0
0
0
1 10
0
0
0
0
0
0
0
0
0
0
0
0
0
0
0
0
0
0
0
0
0
0
0
0
0
0
0
0
0
0
0
0
0
0
0
0
0
0
0
0
0
0
0
0
0
0
0
1 2
0
0
0
0
0
0
0
0
0
0
0
0
0
0
0
0
1 9
0
0
0
0
0
0
0
0
0
0
0
0
0
0
0
0
0
0
0
0
0
0
0
0
0
0
0
0
0
0
0
0
0
0
0
0
0
0
0
0
0
0
0
0
0
0
0
0
0
0
0
0
0
0
0
0
0
0
0
0
0
0
0
0
0
0
0
0
0
0
0
0
0
0
0
0
0
0
0
0
0
0
0
0
0
0
0
0
0
0
0
0
0
0
0
0
0
0
0
0
0
0
0
0
0
0
0
0
0
0
0
0
0
0
0
0
0
0
0
0
0
0
0
0
0
0
0
0
0
0
0
0
0
0
0
0
0
0
0
0
0
0
0
0
0
0
0
0
0
0
0
0
0
0
0
0
0
0
0
0
0
0
0
1 5
0
0
0
0
0
0
0
0
0
0
0
0
0
0
0
0
0
0
0
0
0
0
0
0
0
0
0
0
0
0
0
0
0
0
0
0
0
0
0
0
0
0
0
0
0
0
0
0
0
0
0
0
0
0
1 3
0
0
0
0
0
0
0
0
0
0
0
0
0
0
0
0
0
0
0
0
0
0
0
0
0
0
0
0
0
0
0
0
0
0
0
0
0
0
0
0
0
0
0
0
0
0
0
0
0
0
0
0
0
0
0
0
0
0
0
0
0
0
0
0
0
0
0
0
0
0
0
0
0
0
0
0
0
0
0
0
0
0
0
0
0
0
0
0
0
0
0
0
0
0
0
0
0
0
0
0
0
0
0
0
0
0
0
0
0
0
0
0
0
0
0
0
0
0
0
0
0
0
0
0
0
0
0
0
0
0
0
0
0
0
0
0
0
0
0
0
0
0
0
0
0
0
0
0
0
0
0
0
0
0
0
0
0
0
0
0
0
0
0
0
0
0
0
0
0
0
0
0
0
0
0
0
0
0
0
0
0
0
0
0
0
0
0
0
0
0
0
0
0
0
0
0
0
0
0
0
0
0
0
0
0
0
0
0
0
0
0
0
0
0
0
0
0
0
0
0
0
0
0
0
0
0
0
0
0
0
0
0
0
0
1 8
0
0
0
0
0
0
0
0
0
0
0
0
0
0
0
0
0
0
0
0
0
0
0
0
0
0
0
0
0
0
0
0
0
0
0
0
0
0
0
0
0
0
0
0
0
0
0
0
0
0
0
0
0
0
0
0
0
0
0
0
0
0
0
0
0
0
0
0
0
0
0
0
0
0
0
0
0
0
0
0
0
0
0
0
0
0
0
0
0
0
0
0
0
0
0
0
0
0
0
0
0
0
0
0
0
0
0
0
0
0
0
0
0
0
0
0
0
0
0
0
0
67 531 522
692 812 909
56 260 947
311 448 207
695 385 809
584 741 160
136 265 651
482 23 710
623 608 348
6 262 809
334 405 547
457 20 661
445 603 81
124 541 181
607 270 950
719 74 864
438 672 172
6 128 11
287 268 175
277 412 425
93 606 390
900 423 232
485 748 322
392 30 499
188 414 557
694 415 311
95 37 134
195 669 323
574 312 470
212 133 64
594 34 769
680 299 496
240 47 733
24 93 964
556 650 712
577 35 743
708 189 485
77 386 692
393 172 898
112 85 876
53 123 702
543 525 209
623 814 618
108 80 686
1 248 740
778 773 603
78 586 576
377 301 485
545 172 386
26 101 16
530 853 493
445 316 266
651 349 77
114 87 533
147 235 431
379 794 758
111 135 191
361 44 315
97 184 825
293 415 123
276 279 177
352 483 994
746 62 382
849 120 893
258 4 617
472 858 167
73 520 173
385 509 934
828 364 765
447 589 95
686 232 985
839 59 493
174 294 858
523 74 416
533 385 166
215 142 389
701 236 226
275 80 227
474 565 361
543 196 989
351 649 133
491 20 230
72 46 811
210 234 520
191 78 176
415 257 449
191 207 372
299 398 390
43 600 12
539 513 501
748 897 167
465 179 605
440 63 44
469 203 400
10 708 821
237 29 157
511 668 338
420 390 642
232 144 849
664 414 514
394 472 114
180 78 147
308 278 884
204 280 779
54 249 930
299 724 798
245 359 50
289 539 453
253 375 163
399 780 217
377 552 835
366 316 92
812 455 903
182 459 485
276 222 50
194 4 629
55 268 370
801 197 797
356 18 711
497 893 896
776 499 486
125 330 609
340 802 658
418 108 158
192 238 887
447 192 450
278 204 502
120 62 603
530 94 285
787 683 542
353 151 874
288 852 141
220 107 552
456 101 267
418 496 599
69 107 379
380 219 819
888 194 30
162 729 654
433 654 822
631 676 245
189 465 114
145 682 812
488 518 973
174 384 380
356 854 947
18 55 982
309 533 401
96 589 788
271 115 659
373 173 790
41 9 880
57 753 331
219 381 835
271 492 71
319 446 365
328 399 141
644 167 421
3 63 216
616 130 715
418 161 988
857 863 577
544 136 80
236 740 370
777 428 585
623 23 841
476 223 498
263 792 411
540 639 735
581 89 605
524 560 494
352 167 345
484 611 497
886 359 636
473 507 214
236 184 718
1 552 800
6 532 264
719 541 700
98 256 257
22 10 54
54 69 443
115 113 436
561 412 383
129 617 270
213 117 99
121 498 754
15 106 418
734 681 545
829 635 963
252 201 705
5 15 997
16 397 57
121 7 435
114 176 479
269 726 692
481 831 562
45 618 356
395 185 896
392 256 605
557 120 899
717 37 593
356 368 252
650 449 203
319 629 391
712 177 333
636 321 944
3 305 572
689 63 63
402 253 497
241 47 76
572 203 636
477 556 499
209 109 225
16 372 817
871 775 845
562 407 471
659 435 559
306 369 434
357 296 951
383 820 178
13 18 566
388 802 766
244 762 248
823 637 335
17 699 487
848 443 667
169 677 828
574 63 794
120 466 727
845 478 25
725 542 544
776 517 934
497 283 387
680 197 103
640 611 520
192 589 911
72 416 359
123 535 315
671 553 567
63 79 134
38 28 828
297 306 891
287 463 75
442 595 343
337 203 370
30 613 651
778 114 413
274 612 853
360 189 600
860 46 304
598 496 966
515 478 291
899 864 26
82 45 321
12 190 387
615 305 954
786 703 224
58 222 52
162 161 691
849 257 566
693 140 738
658 843 841
19 424 823
549 110 235
346 551 257
37 266 151
843 101 30
801 183 536
378 385 157
585 745 35
844 19 556
161 5 741
93 387 982
8 738 440
39 390 774
641 896 386
295 441 653
356 728 161
792 785 759
61 12 585
475 417 24
74 72 552
766 655 93
483 404 864
470 751 918
594 6 45
295 547 46
205 791 987
392 623 956
96 67 248
4 693 334
355 49 467
99 544 459
811 213 604
140 675 654
806 558 225
287 317 803
675 736 140
268 205 280
825 194 926
146 11 541
331 753 358
555 417 710
808 866 682
85 19 992
520 686 686
427 507 336
624 284 776
448 782 698
196 747 88
232 609 315
241 260 204
467 571 122
541 373 476
172 504 972
360 830 967
2 11 240
481 144 722
189 827 505
281 189 648
404 341 88
547 811 591
284 598 646
256 119 519
796 108 982
757 506 833
497 713 506
143 47 736
416 643 2
665 554 429
522 169 594
431 161 900
37 293 953
349 203 805
402 861 739
389 194 408
262 803 75
298 888 491
826 615 121
767 9 999
90 705 332
657 895 933
414 304 717
528 93 377
828 628 134
219 523 745
647 74 972
595 503 306
275 392 246
854 281 157
25 860 197
19 307 60
153 46 188
499 408 673
223 286 542
25 275 677
31 838 391
557 394 5
869 20 30
90 391 828
562 824 532
338 317 742
76 340 684
882 630 858
794 657 14
458 369 315
448 563 40
758 127 362
394 439 104
472 773 541
418 657 909
564 61 659
80 35 84
415 625 722
248 93 880
762 336 323
850 874 797
880 27 640
88 149 481
372 36 818
450 82 171
186 512 761
549 431 353
138 523 373
281 62 975
127 50 257
559 561 265
878 220 969
426 420 343
434 207 498
194 532 370
272 399 685
259 57 955
393 126 478
210 239 332
749 207 648
627 775 701
162 146 993
655 55 900
489 108 758
526 543 622
282 126 33
735 89 73
209 461 300
137 741 158
138 322 336
449 462 95
128 218 581
52 543 552
8 3 120
345 739 263
817 462 395
508 175 332
693 513 755
697 604 351
740 636 882
144 70 296
834 319 495
676 290 41
16 129 101
55 637 403
34 464 322
565 435 233
482 472 781
339 410 150
469 848 917
880 123 342
48 9 977
195 368 819
442 456 648
59 70 228
175 572 573
895 101 238
761 515 814
42 366 92
320 695 313
42 38 771
414 536 32
700 853 483
151 604 313
563 314 582
102 116 709
690 89 432
445 71 913
403 16 805
675 890 793
873 771 657
73 99 271
421 602 228
145 134 98
189 876 561
91 362 664
463 614 529
526 31 604
761 572 233
379 883 21
449 455 863
286 441 902
77 32 866
54 154 252
805 616 576
50 760 822
421 557 302
152 567 709
548 458 896
854 661 30
186 202 587
27 89 577
73 320 572
743 19 936
147 150 996
438 617 842
710 38 660
352 570 804
17 780 675
511 273 362
47 11 450
514 678 590
556 667 197
377 435 481
242 640 339
408 862 770
319 29 925
439 472 641
574 591 970
45 184 204
403 206 42
480 162 178
637 18 208
694 706 991
286 601 552
485 21 487
536 677 488
649 276 674
262 808 565
717 665 519
220 548 359
707 195 291
828 691 470
733 304 329
326 694 138
503 100 798
26 120 814
822 588 76
55 441 372
127 268 321
361 644 311
548 420 650
87 192 349
396 467 887
855 330 189
527 516 543
196 862 618
841 784 658
752 32 704
462 608 136
163 534 437
266 562 766
268 85 849
48 64 65
840 174 81
500 575 531
113 656 31
775 14 118
714 55 541
313 511 123
48 417 351
590 363 411
425 448 365
723 568 75
578 109 670
71 58 261
209 837 637
479 113 226
81 17 215
320 707 388
135 274 621
318 273 637
159 684 379
624 238 400
817 633 313
619 97 350
182 707 656
210 144 212
472 661 436
23 816 565
706 224 762
60 474 735
209 134 733
24 30 743
379 789 552
69 854 813
577 627 205
265 82 134
23 136 639
493 62 461
590 292 790
646 509 745
308 76 839
30 690 261
631 307 782
832 214 686
4 14 908
835 109 430
164 122 792
245 360 817
397 522 768
887 331 236
771 420 723
194 495 177
177 506 666
61 683 826
310 620 407
675 312 268
72 332 254
56 504 233
190 740 150
254 136 847
400 323 654
60 777 60
755 577 797
288 305 493
72 55 532
673 295 177
67 2 273
243 229 804
515 525 778
391 300 95
540 100 81
54 46 764
414 504 392
660 457 437
597 438 545
206 662 589
658 421 928
514 42 176
349 150 857
694 863 340
95 70 559
530 655 376
205 64 898
233 453 734
519 582 483
309 686 830
360 464 539
338 253 144
356 427 229
259 252 65
337 700 457
346 146 477
466 76 972
664 776 728
3 570 251
10 21 902
795 3 253
345 138 432
36 97 867
610 223 493
102 394 208
8 16 386
297 233 437
678 892 270
217 401 768
402 583 206
50 29 553
578 491 415
291 324 552
134 118 720
208 689 717
320 239 96
1 643 480
559 820 47
654 331 22
723 831 756
711 423 787
469 539 643
367 449 860
216 28 45
203 140 202
599 591 197
43 229 710
253 33 748
650 406 318
611 558 609
609 657 457
779 444 377
46 43 253
561 343 942
218 148 961
93 409 489
8 794 680
549 677 280
645 677 978
677 107 672
188 762 932
834 463 981
862 698 506
190 178 151
497 398 19
609 325 533
440 750 386
770 893 232
87 513 26
483 116 319
163 645 147
170 213 285
467 682 523
768 22 885
727 328 641
232 519 618
300 669 595
800 665 240
256 737 355
110 546 496
136 179 525
13 241 147
23 895 209
590 642 312
872 869 652
367 781 78
167 161 590
284 126 183
108 157 468
78 34 555
383 590 826
424 431 147
780 742 226
20 358 672
459 604 864
678 244 941
554 48 449
349 5 483
314 72 867
76 181 705
405 382 348
857 678 323
242 155 258
32 12 827
10 90 407
377 868 21
507 25 113
533 32 764
663 329 609
714 39 356
73 597 261
788 129 744
825 5 834
194 303 247
354 84 589
608 152 496
27 409 627
445 348 222
819 400 243
177 587 124
674 45 534
893 859 756
502 3 569
128 323 765
487 446 261
93 217 890
44 212 876
612 44 24
783 843 520
428 617 233
287 137 89
33 461 482
35 340 669
583 165 260
159 103 952
874 556 193
685 629 473
822 85 819
344 534 559
476 367 215
634 652 577
58 118 170
674 815 763
5 704 408
460 458 437
206 293 528
896 378 888
775 618 943
38 411 206
187 130 281
131 767 993
709 83 858
238 626 865
793 35 353
291 383 261
779 666 71
769 149 674
413 162 727
305 476 569
800 641 393
399 281 845
281 128 883
94 562 703
158 382 4
14 876 760
269 558 521
712 301 168
100 80 125
279 731 517
155 44 83
66 141 610
783 429 100
331 527 986
401 801 924
99 374 799
173 272 249
417 642 336
160 890 902
9 60 788
163 377 738
489 381 965
174 282 932
534 377 371
118 7 685
240 623 122
389 75 958
382 71 860
250 553 526
20 115 56
5 13 644
77 792 428
551 334 483
385 299 583
114 21 203
363 80 80
331 257 350
215 403 913
261 81 107
109 78 831
578 858 365
342 776 771
840 683 490
213 644 157
653 331 12
97 625 122
421 734 87
217 651 903
25 655 907
323 28 336
427 550 326
714 107 905
342 34 999
39 226 736
152 463 1000
62 271 581
278 438 884
170 63 266
821 697 845
776 303 259
84 8 816
96 850 317
378 823 840
488 821 148
141 344 4
470 509 745
1 407 237
864 654 799
833 161 267
345 316 511
403 333 188
389 387 246
584 122 314
5 593 583
444 720 708
381 341 509
855 28 181
461 286 360
162 309 435
326 293 813
171 538 550
538 469 573
726 372 672
20 186 740
449 724 174
603 551 929
568 225 788
175 207 976
444 356 920
350 272 583
684 271 945
386 669 766
26 163 131
94 301 95
337 692 872
868 888 215
450 51 854
596 225 535
312 348 5
148 400 7
636 248 575
584 544 239
30 148 54
785 427 784
67 139 191
389 742 792
137 94 793
43 59 694
26 16 721
352 287 605
472 878 265
126 99 202
133 211 443
649 111 635
743 138 860
462 892 375
34 45 37
599 722 618
733 675 868
298 493 755
446 773 840
666 160 508
211 768 701
108 737 274
767 369 251
564 602 429
279 231 413
879 472 304
641 479 118
304 832 761
197 316 89
540 348 23
43 444 410
255 114 931
57 12 43
37 43 352
747 240 661
79 14 443
15 525 812
368 613 224
615 244 7
599 820 198
82 62 827
417 206 279
439 287 559
849 30 935
857 684 747
94 12 552
508 818 707
128 701 240
190 162 186
150 302 197
756 266 341
414 29 335
787 492 750
657 697 950
25 18 729
815 40 69
371 25 464
599 322 416
185 437 935
794 386 568
652 504 5
229 285 683
688 496 299
327 245 499
26 652 824
125 653 729
732 760 555
353 784 477
25 772 309
713 265 339
131 537 183
97 350 585
332 532 26
637 34 771
66 565 817
762 384 551
374 561 892
468 698 937
849 318 995
672 229 470
529 368 384
577 338 754
293 191 746
240 478 617
636 610 134
708 518 648
512 838 308
301 703 213
676 164 926
693 815 140
514 175 271
865 165 294
28 336 130
862 310 127
515 339 771
814 724 127
436 814 763
85 231 6
734 178 236
876 538 65
149 99 602
57 638 911
386 852 801
77 244 957
630 365 270
73 41 869
774 673 219
57 71 911
15 31 811
856 870 862
102 115 938
402 276 699
4 864 898
303 861 472
233 100 705
535 40 681
88 29 930
781 410 132
311 711 901
765 83 549
267 182 402
751 659 817
728 94 667
846 727 26
635 496 51
826 653 378
25 178 93
612 856 782
373 388 316
476 405 358
387 418 554
780 440 293
10 9 262
714 842 370
799 186 787
297 779 663
638 861 278
415 481 550
364 333 502
885 680 546
306 617 833
518 476 711
821 295 303
50 56 521
188 185 399
524 45 228
505 28 827
142 745 732
719 399 159
488 379 326
372 55 836
667 16 484
872 841 127
130 129 302
58 202 620
511 576 291
287 227 941
682 390 8
111 27 963
450 216 417
516 871 987
87 511 610
717 137 185
553 342 123
824 508 614
396 171 691
410 459 57
700 545 306
268 500 795
322 433 393
431 392 286
660 477 766
99 51 977
48 162 56
387 408 299
680 145 813
736 744 74
686 59 602
197 601 995
102 721 101
763 895 804
788 147 790
823 204 517
586 637 607
230 883 808
186 782 488
51 195 362
333 211 597
44 8 767
165 796 248
337 265 257
482 179 783
468 105 723
671 833 149
897 114 47
380 751 888
604 506 349
813 500 826
568 167 695
78 583 581
501 855 716
729 708 92
353 26 426
691 481 535
566 576 781
668 69 375
873 880 27
38 300 298
800 839 639
647 278 655
685 835 801
348 481 647
821 892 93
731 161 616
356 195 711
6 376 793
513 345 503
403 710 856
76 29 703
296 230 981
113 627 490
730 770 693
741 859 432
824 646 259
27 102 371
269 664 230
786 770 935
55 119 67
23 573 118
620 727 689
528 589 648
630 111 665
791 169 717
205 158 418
818 177 894
77 197 116
377 840 164
590 270 61
876 496 814
448 50 943
665 833 231
553 702 22
71 240 758
74 319 990
760 387 49
37 351 632
584 398 30
854 646 588
429 686 725
168 257 921
450 691 243
725 670 601
76 221 59
682 859 301
695 75 836
332 518 711
106 49 909
723 50 907
222 738 144
147 116 929
173 501 928
33 688 670
495 273 609
789 626 672
710 873 904
230 581 398
688 798 272
35 471 804
228 658 892
885 898 541
240 650 512
576 404 240
669 340 270
736 75 784
638 898 573
320 321 212
486 335 209
536 670 443
643 869 597
893 822 576
416 343 705
515 765 286
238 303 717
209 145 609
114 96 892
847 619 713
188 177 133
738 213 485
261 303 177
562 772 192
888 415 473
258 730 366
619 690 530
306 538 349
290 127 791
140 151 326
34 513 617
867 353 73
10 606 913
517 498 503
561 804 675
91 77 723
86 82 434
443 41 31
446 506 644
132 49 936
729 383 191
185 782 794
17 13 81
377 406 598
165 631 335
720 198 778
434 664 748
56 289 328
523 899 366
757 279 953
348 622 216
2 7 92
784 206 324
828 856 880
733 673 848
424 90 465
88 594 988
310 258 862
874 153 571
614 341 442
230 29 337
293 90 338
857 279 212
189 51 942
609 139 614
288 69 707
648 838 889
411 237 464
265 273 223
727 293 634
430 755 216
341 105 609
60 755 991
891 283 363
402 57 948
182 41 589
638 623 952
851 422 817
45 592 532
287 100 825
782 19 215
361 325 832
639 781 210
12 159 779
581 31 944
753 271 364
249 670 725
35 53 693
117 298 926
303 431 958
445 88 893
437 662 200
659 442 737
803 859 233
53 747 136
153 426 54
314 632 83
510 152 668
563 809 628
697 468 784
122 831 438
704 51 614
312 288 249
832 459 231
506 107 426
19 572 289
777 689 837
400 215 44
208 652 981
325 61 680
592 488 316
470 60 784
18 259 63
221 192 137
710 508 55
251 90 507
745 118 469
568 505 236
766 61 736
357 511 284
492 374 825
485 120 148
575 382 709
261 824 554
403 688 949
802 224 369
44 794 77
85 260 940
674 85 284
304 389 642
79 349 828
564 841 248
98 19 52
159 598 782
179 757 474
138 67 187
325 704 410
152 408 220
4 6 3
671 328 344
367 765 542
170 843 131
150 712 538
116 170 17
776 29 247
402 772 257
441 507 807
520 619 724
379 491 766
366 11 655
306 588 257
372 823 940
457 150 234
159 882 37
332 333 730
240 447 13
697 142 873
251 880 44
275 623 428
296 10 829
802 204 783
444 782 896
283 267 684
353 180 128
453 26 713
749 459 169
865 801 130
583 13 624
46 348 971
137 347 968
241 655 741
28 35 963
811 574 107
176 422 939
423 632 7
228 29 652
300 107 849
281 825 44
23 563 160
265 748 640
793 877 483
17 709 293
291 83 518
258 696 417
365 400 251
859 227 538
181 22 259
469 166 606
688 355 769
674 157 677
581 258 726
5 4 262
258 366 452
828 744 211
340 423 551
494 612 423
171 755 576
487 398 331
74 796 328
657 108 601
219 53 908
333 239 367
553 690 943
261 452 443
277 47 363
718 576 104
175 201 250
160 54 578
39 18 340
69 61 758
204 104 673
868 22 174
262 31 991
40 282 209
536 75 212
339 336 685
465 171 766
159 76 711
439 601 689
164 648 852
60 467 285
543 15 265
231 449 57
806 649 167
893 113 811
73 245 266
774 827 958
550 48 476
430 143 142
152 73 974
388 453 987
429 143 130
146 299 244
118 173 335
467 236 698
662 594 471
175 42 90
240 370 514
81 36 608
298 75 512
75 47 257
131 169 242
601 493 459
172 19 885
489 13 245
666 611 841
397 109 688
886 21 592
43 475 259
618 668 167
861 17 459
21 28 271
509 398 350
428 711 717
40 65 565
40 248 513
37 103 710
62 438 845
20 575 561
418 381 739
554 324 983
295 58 172
4 66 561
866 350 35
780 481 107
334 283 546
11 474 605
189 304 299
553 433 391
727 472 392
371 432 901
62 157 683
247 395 266
438 119 753
412 191 796
331 55 606
863 106 521
204 336 16
328 294 54
384 766 975
617 57 525
344 169 596
791 592 364
421 23 229
78 850 723
863 315 673
270 233 818
54 208 923
272 566 310
209 125 774
706 362 884
36 474 157
824 484 395
156 84 584
146 643 489
132 747 316
184 878 621
312 166 146
809 469 57
681 281 900
223 406 914
658 417 778
810 656 27
86 36 19
492 84 618
49 36 721
86 463 719
694 222 693
524 8 646
57 28 206
627 871 763
5 9 612
696 323 83
612 867 871
256 442 210
825 60 61
513 70 756
691 708 289
882 345 656
309 486 140
97 411 226
299 291 198
891 260 904
584 293 690
449 209 501
663 272 641
498 575 574
148 477 13
390 494 763
536 389 926
436 573 655
66 62 625
179 378 895
593 660 442
17 374 23
335 160 376
475 311 242
530 679 708
87 46 141
751 654 413
485 481 915
630 775 364
392 62 662
10 475 763
302 569 829
165 853 521
692 476 159
796 68 466
59 166 705
127 227 386
724 782 66
604 865 952
500 613 544
682 694 486
775 429 908
194 246 756
869 297 848
601 457 262
6 19 401
40 18 339
326 32 974
292 653 931
803 43 988
265 403 938
470 83 235
374 679 605
718 807 18
887 91 799
682 297 890
433 624 24
5 34 134
422 53 950
157 215 803
275 611 908
450 56 804
264 866 62
326 349 628
585 217 776
80 310 462
771 132 391
335 196 635
24 352 268
266 48 476
198 314 901
105 166 667
199 65 977
800 15 935
397 566 764
248 119 582
133 47 533
633 229 562
616 443 999
67 849 97
260 554 285
743 777 15
660 474 848
733 865 880
718 310 865
468 261 287
867 847 471
527 137 511
884 247 55
470 199 899
470 746 694
214 55 802
202 251 127
625 38 208
626 409 885
808 531 502
68 830 53
22 725 401
112 617 725
536 638 170
230 552 76
842 869 795
829 14 624
172 135 654
588 616 365
206 665 726
449 29 449
37 165 126
557 800 595
113 70 691
47 58 815
498 9 852
256 556 611
298 327 587
277 789 46
872 171 456
235 864 217
428 143 302
56 210 231
518 134 293
70 453 799
627 715 606
630 374 481
1 4 561
385 361 931
375 47 806
1 2 86
297 726 996
346 315 533
282 125 216
51 127 54
808 461 161
867 810 744
745 63 779
25 131 902
210 319 663
649 808 458
77 883 508
233 660 148
69 672 236
377 437 263
344 479 949
477 501 950
512 246 103
562 896 115
44 240 960
606 899 229
136 171 383
37 22 454
5 400 968
176 860 837
634 851 916
162 836 452
599 271 425
741 660 497
556 628 602
57 144 486
228 18 858
315 231 555
137 291 917
646 234 183
95 714 157
692 93 774
812 233 367
590 291 620
493 310 452
602 695 112
648 703 662
636 152 470
619 182 931
210 432 757
715 100 835
278 519 605
745 482 436
209 216 346
445 119 813
104 390 107
376 583 944
332 807 588
525 205 224
650 228 828
225 682 279
74 104 949
211 430 252
121 97 394
108 396 204
632 556 905
455 579 926
387 605 216
103 53 784
634 94 718
217 79 833
140 60 178
45 659 334
440 504 829
157 9 299
492 466 415
774 218 138
158 830 441
810 13 355
841 433 323
302 298 730
612 336 73
406 464 536
59 103 972
57 388 116
157 429 294
635 608 914
168 53 715
196 890 863
289 596 383
297 2 919
322 62 24
442 664 765
8 36 568
685 282 316
764 31 581
600 541 190
136 675 65
24 648 120
745 594 441
81 102 631
490 44 988
517 895 952
48 131 148
122 49 812
643 354 197
154 433 497
22 850 39
345 735 12
542 278 754
46 579 478
58 92 702
67 185 110
410 126 884
41 112 929
417 716 713
63 200 403
131 27 514
490 559 417
690 621 176
359 524 781
367 284 633
408 503 412
559 331 4
443 631 872
234 207 595
747 865 83
52 37 784
16 432 778
730 97 540
198 17 623
220 59 352
84 125 956
321 799 228
532 512 261
837 852 460
620 466 103
123 851 717
262 79 693
306 760 496
603 739 776
399 558 478
124 272 668
206 203 595
114 313 618
132 236 579
238 237 136
141 853 301
4 391 214
858 818 960
818 19 835
519 36 827
860 139 677
574 766 159
761 322 948
366 567 715
79 480 668
456 711 583
812 843 762
6 177 311
249 425 256
455 40 137
542 171 391
126 534 191
583 638 139
210 515 253
846 654 251
773 630 939
363 375 603
6 172 178
361 622 282
564 891 210
17 833 604
140 524 515
243 708 948
685 380 515
12 840 71
271 762 644
392 764 791
419 303 988
212 199 245
623 657 97
899 397 89
14 226 608
621 49 283
396 677 358
579 716 842
63 14 531
78 783 95
851 852 751
274 33 559
720 638 805
750 243 795
81 133 934
768 519 141
473 374 629
306 39 600
636 506 397
100 147 296
793 133 267
234 250 323
36 158 538
364 887 548
6 720 733
329 83 784
309 121 689
694 346 334
764 802 88
196 882 44
83 80 581
451 44 907
190 668 147
409 701 300
338 897 425
694 739 600
597 643 826
595 787 63
163 18 292
729 34 903
365 39 752
209 724 942
696 5 871
81 128 669
157 263 418
343 377 293
110 23 305
101 458 224
791 381 618
230 837 727
361 317 672
77 532 990
381 229 830
9 23 325
896 608 791
130 676 617
419 875 728
862 758 141
763 401 264
753 372 461
170 746 758
15 24 62
33 394 335
756 250 476
42 225 935
885 304 105
188 193 923
97 666 906
303 160 565
418 99 975
495 49 340
541 89 45
324 492 907
334 88 117
891 336 63
361 589 183
211 765 711
652 36 754
292 86 18
326 499 629
183 14 887
724 298 372
124 454 762
568 722 920
353 64 712
164 76 102
785 859 988
63 117 10
43 383 11
871 758 604
262 45 194
107 273 449
301 187 454
531 358 656
515 413 845
584 30 391
206 223 103
881 75 307
707 231 750
379 148 636
8 27 248
320 268 243
13 33 259
115 264 512
626 724 440
29 1 66
752 505 709
669 687 338
294 523 310
174 33 572
6 12 544
268 395 700
92 792 104
754 634 784
754 72 46
367 165 385
857 229 946
840 198 100
192 432 398
744 357 957
643 41 48
521 518 66
42 396 219
122 750 195
280 678 909
63 220 671
145 579 458
30 255 963
283 580 685
201 567 572
789 98 568
462 389 928
35 245 932
713 459 474
827 150 692
491 501 380
306 693 954
879 175 340
594 107 184
265 797 83
68 21 938
260 859 8
857 394 286
396 689 847
435 25 854
533 26 363
244 272 50
439 654 973
140 264 768
759 133 312
69 76 555
2 62 941
572 762 853
855 272 540
321 624 919
303 283 428
616 277 391
214 633 426
505 42 924
432 516 757
375 732 404
488 29 326
779 560 496
224 117 157
38 376 506
889 620 365
71 311 725
95 124 468
730 49 836
264 790 422
294 241 436
367 436 169
495 784 166
538 342 173
761 719 559
813 438 565
521 870 794
194 247 354
778 441 381
766 684 320
23 179 598
292 894 529
384 261 118
330 302 847
656 736 457
343 116 158
307 348 666
70 105 302
484 294 487
814 29 232
41 425 243
543 391 590
418 56 646
571 479 954
699 204 452
895 713 983
604 688 516
266 150 246
668 85 262
146 230 788
868 874 279
552 893 317
406 574 915
221 70 962
682 235 891
875 885 943
758 446 35
556 778 492
399 520 660
100 340 974
196 185 652
500 656 176
376 797 176
244 520 591
20 18 835
853 718 797
894 375 671
47 856 927
661 97 404
4 665 871
792 630 177
400 780 338
326 154 615
394 82 765
439 269 256
652 280 402
121 670 916
587 298 113
785 339 927
841 193 899
504 900 164
20 53 944
235 43 906
805 521 63
37 319 245
97 700 732
711 401 934
718 45 689
269 136 204
111 566 272
481 63 53
604 706 590
142 69 937
627 354 914
726 768 454
488 151 229
892 689 187
40 392 327
626 413 154
531 228 578
203 402 755
382 140 269
238 489 354
1 3 753
495 590 42
444 465 837
16 58 891
86 455 26
730 510 237
791 804 236
596 868 501
328 569 771
176 522 179
51 5 779
665 172 517