1000 1000 10
0
0
0
0
0
1 3
0
1 1
0
0
0
0
0
0
0
0
0
0
0
0
0
0
0
0
0
0
0
0
0
0
0
0
0
0
0
0
0
0
0
0
0
0
0
0
1 8
0
0
0
0
0
0
0
0
0
0
0
0
0
0
0
0
0
0
0
0
0
0
0
0
1 10
0
0
0
0
0
0
0
0
0
0
0
0
0
0
0
0
0
0
0
0
0
0
0
0
0
0
0
0
0
0
0
0
0
0
0
0
0
0
0
0
0
0
0
0
0
0
0
0
0
0
0
0
0
0
0
0
0
0
0
0
0
0
0
0
0
0
0
0
0
0
0
0
0
0
0
0
0
0
0
0
0
0
0
0
0
0
0
0
0
0
0
0
0
0
0
0
0
0
0
0
0
0
0
0
0
0
0
0
0
0
0
0
0
0
0
0
0
0
0
0
0
0
0
0
0
0
1 6
0
0
0
0
0
0
0
0
0
1 2
0
0
0
0
0
0
0
0
0
0
0
0
0
0
0
0
0
0
0
0
0
0
0
0
0
0
0
0
0
0
0
0
1 6
0
0
0
0
0
0
0
0
0
0
0
0
0
0
0
0
0
0
0
0
0
0
1 9
0
0
0
0
0
0
0
0
0
0
0
0
0
0
0
0
0
0
0
0
0
0
0
0
0
0
0
0
1 8
0
0
0
0
0
0
0
0
0
0
0
0
0
1 3
0
0
0
0
0
0
0
0
0
0
0
0
0
0
0
0
0
0
0
0
0
0
0
0
0
0
0
0
0
0
0
0
0
0
0
0
0
0
0
0
0
0
0
0
0
0
0
0
0
0
0
0
0
0
0
0
0
0
0
0
0
0
0
0
0
0
0
0
0
0
0
0
0
0
0
0
0
0
0
0
0
0
0
0
0
0
0
0
0
0
0
0
0
0
0
0
0
0
0
0
0
0
0
0
0
0
0
0
0
0
0
0
0
0
0
0
0
0
0
0
0
0
0
0
0
0
0
0
0
0
0
0
0
0
0
0
0
0
0
0
0
0
0
1 7
0
0
0
0
0
0
0
0
0
0
0
0
0
0
0
0
0
0
0
0
0
0
0
0
0
1 4
0
0
0
0
0
0
0
0
0
0
0
0
0
0
0
0
0
0
0
0
0
0
0
0
0
0
0
0
0
0
0
0
0
0
0
0
0
0
1 5
0
1 1
0
0
0
0
0
0
0
0
0
0
0
0
0
0
0
0
0
0
0
0
0
0
0
0
0
0
1 2
0
0
0
0
0
0
0
0
0
0
0
0
0
0
0
0
0
0
0
0
0
0
0
0
0
0
0
0
0
0
0
0
0
0
0
0
0
0
1 5
1 6
0
0
0
0
0
0
0
0
0
0
0
0
0
0
0
0
0
0
0
0
1 1
0
0
0
0
0
0
0
0
0
0
0
0
0
0
0
0
0
0
0
0
0
0
0
0
0
0
0
0
0
0
0
0
0
0
0
0
0
0
0
0
0
0
0
0
0
0
0
1 9
0
0
0
0
1 7
0
0
0
0
0
0
0
1 10
0
0
0
0
0
0
0
0
0
0
0
0
0
0
0
0
0
0
0
0
0
0
1 3
0
0
0
0
0
0
0
0
0
0
0
0
0
0
0
0
1 4
0
0
0
0
0
0
0
0
0
0
0
0
0
0
0
0
0
0
1 5
0
0
0
0
0
0
0
0
0
0
0
0
0
0
0
0
0
0
0
0
0
0
0
0
0
0
0
0
0
0
0
0
0
0
0
0
0
0
0
0
0
0
0
0
0
0
0
0
0
0
1 6
0
0
0
0
0
0
0
0
0
0
0
0
0
0
0
0
0
0
0
0
0
0
0
0
0
0
0
0
0
0
0
0
0
0
0
0
0
0
0
0
0
0
0
0
0
0
0
0
0
0
0
0
0
0
0
0
0
0
0
0
0
0
0
0
0
0
0
0
0
0
0
0
0
0
0
0
1 7
0
0
0
0
0
0
0
0
0
0
0
0
0
0
0
0
0
1 4
0
0
0
0
0
0
0
1 9
0
0
0
0
0
0
0
0
0
0
0
0
0
0
0
0
0
0
0
0
0
0
0
0
0
0
0
0
0
0
0
0
0
0
0
0
0
0
0
0
0
0
0
0
0
0
0
0
0
0
1 10
0
0
0
0
0
0
0
0
0
0
0
0
1 8
0
0
0
0
0
0
0
0
0
0
0
0
0
0
0
0
0
0
0
0
0
0
0
0
0
0
0
0
0
0
0
0
0
0
0
0
0
0
0
0
0
0
0
0
0
0
0
0
0
0
0
0
0
0
0
0
0
261 264 857
161 163 908
436 439 589
811 810 413
448 450 810
519 518 718
791 793 219
79 76 218
234 233 425
989 986 896
98 95 138
468 470 713
272 270 804
315 314 691
117 116 897
135 136 722
206 209 440
332 330 700
66 63 349
116 114 779
359 356 33
790 787 722
242 245 847
513 514 195
685 684 326
977 979 814
343 342 366
414 417 404
344 343 232
123 125 832
785 783 914
758 757 963
868 871 912
758 760 241
12 11 530
38 35 829
549 547 494
957 954 189
101 98 111
127 124 468
151 149 589
539 541 781
9 10 299
301 300 586
925 926 256
490 492 300
630 631 14
355 356 255
656 658 730
507 504 484
157 159 742
386 383 917
700 697 499
144 145 426
42 45 852
897 896 708
745 743 993
715 714 797
623 622 389
966 963 708
917 918 792
84 87 530
58 60 668
18 15 919
235 232 358
430 427 601
606 605 514
280 277 729
758 759 930
222 220 49
517 518 490
775 776 576
158 161 896
288 291 241
243 240 360
306 304 774
601 602 877
158 155 418
330 331 725
309 311 505
192 190 951
296 297 452
75 73 120
41 43 673
860 858 177
585 583 883
644 645 954
379 376 648
393 390 508
925 927 991
771 770 530
312 310 811
803 802 635
360 362 636
272 275 710
783 781 354
559 556 264
156 155 857
677 676 798
616 614 901
351 354 328
208 205 422
921 924 69
636 639 715
714 712 606
254 253 860
864 866 674
324 326 83
408 410 286
135 138 264
300 299 755
520 523 604
238 236 33
206 205 986
366 365 141
315 317 693
105 108 963
205 204 864
378 380 682
210 208 669
288 290 103
387 385 660
661 660 47
392 389 226
687 689 406
911 910 576
361 359 228
154 152 635
918 919 392
285 288 381
572 574 478
127 128 542
488 485 813
343 346 623
665 667 116
959 958 140
276 275 752
340 342 924
813 812 544
731 729 100
664 663 722
935 932 453
239 238 712
165 163 144
993 994 488
857 854 861
716 715 797
24 23 656
580 582 14
833 832 32
707 708 573
649 651 426
510 508 308
878 877 111
50 48 257
997 999 587
853 850 4
272 274 901
573 570 827
302 303 523
76 77 852
659 660 185
952 950 845
255 254 196
788 786 393
431 429 214
15 16 384
62 60 274
467 465 969
319 318 693
704 702 631
841 838 930
82 79 903
472 475 64
55 57 369
112 111 647
14 12 746
47 45 630
268 270 314
215 212 44
953 954 170
331 334 294
704 707 835
446 445 27
948 951 707
678 676 950
182 185 102
605 608 653
837 839 844
698 699 197
802 800 828
7 5 176
253 256 780
291 292 214
349 351 953
25 22 536
484 485 358
282 285 538
354 355 146
251 249 207
433 436 551
683 686 987
252 251 56
610 608 59
36 39 275
648 646 679
222 224 734
538 540 776
496 497 950
816 814 984
100 102 48
822 823 485
287 284 801
576 573 123
405 404 42
59 524 519
131 129 277
327 326 468
724 726 701
884 886 786
713 712 349
899 896 895
449 446 836
294 296 249
728 725 767
681 684 510
423 421 904
336 338 942
712 711 742
367 365 934
258 259 675
958 956 707
46 48 97
586 584 966
633 635 149
918 920 547
859 862 966
80 81 659
488 491 856
265 263 962
586 589 531
403 402 753
317 320 154
768 767 713
615 614 291
342 345 360
499 500 973
49 52 447
718 715 426
120 119 855
130 132 164
797 798 331
640 643 613
293 292 739
634 632 989
571 570 76
901 904 48
424 422 877
551 553 638
451 448 844
478 475 559
374 377 853
59 61 66
941 938 885
646 649 54
175 177 911
504 502 708
388 389 671
84 83 811
184 181 255
838 840 664
968 969 901
19 22 59
393 395 445
360 358 708
347 346 212
8 9 891
237 235 650
776 777 724
427 424 194
801 804 101
94 97 766
431 434 202
176 178 984
335 332 678
594 595 725
734 733 552
481 482 617
214 213 394
80 83 122
931 928 920
525 526 716
733 732 905
413 416 396
755 756 323
735 737 711
54 56 92
271 273 849
282 281 657
655 657 144
188 191 166
657 659 845
737 739 446
55 53 766
609 607 339
365 362 870
767 769 926
251 253 258
454 456 368
478 481 181
465 463 822
907 905 674
492 493 914
465 468 301
78 75 513
349 352 472
462 459 208
440 438 369
850 847 600
377 378 720
258 261 99
104 102 189
745 746 84
591 593 496
425 423 176
350 349 96
770 769 664
447 444 388
397 395 254
941 942 361
199 200 964
229 230 180
41 40 342
501 500 900
365 368 110
672 670 941
592 589 206
224 225 665
448 445 505
92 94 427
924 925 351
73 71 362
644 642 382
721 720 898
262 263 494
165 166 154
513 510 614
457 456 363
4 5 863
892 889 137
439 441 661
682 683 307
199 196 570
867 869 624
811 814 579
622 621 706
90 93 635
76 74 842
547 546 965
503 505 696
993 991 399
947 944 843
838 837 61
615 618 428
339 341 737
429 426 573
982 979 797
987 984 786
544 546 104
472 469 354
201 204 319
555 554 629
466 464 797
335 336 498
802 805 482
562 560 382
95 93 97
330 329 546
929 926 509
636 635 45
495 496 707
437 435 702
936 938 6
399 398 45
223 221 759
806 805 47
690 691 728
258 255 133
949 948 968
435 432 41
530 531 487
134 133 213
597 595 296
789 786 554
484 483 243
980 977 64
255 257 655
721 724 6
32 29 785
783 786 805
535 533 819
954 955 245
675 673 430
127 129 926
99 98 210
461 460 453
916 914 800
501 502 489
773 770 360
167 164 826
123 120 838
173 174 698
631 632 945
564 565 597
201 198 873
578 576 861
873 876 756
133 130 201
459 458 707
735 734 587
697 698 968
520 518 308
160 157 30
532 530 566
959 960 195
780 777 246
855 856 974
591 589 802
374 375 278
143 142 825
561 559 766
624 626 704
309 310 960
661 663 413
403 404 527
864 862 372
666 663 817
103 101 751
767 765 333
722 723 178
268 265 172
413 410 697
133 135 64
724 727 753
724 725 119
956 953 220
620 618 949
888 890 247
335 337 556
653 655 841
184 186 515
476 473 676
478 479 974
835 832 278
587 590 8
249 247 998
817 820 446
183 180 26
400 398 68
73 74 262
510 512 772
515 516 151
416 418 448
671 670 958
177 180 475
816 819 206
524 521 390
331 333 163
166 168 793
953 952 659
736 734 152
794 792 426
137 136 145
899 902 912
586 587 38
659 662 354
138 139 730
917 914 400
216 219 844
218 217 153
497 498 167
914 912 399
772 775 964
749 752 968
988 991 509
164 161 703
128 130 88
791 790 402
388 386 292
373 374 38
828 831 264
983 980 298
200 202 322
508 511 761
23 26 306
70 69 740
884 883 239
64 62 218
974 973 973
484 486 415
414 412 20
588 587 834
972 969 962
503 506 932
338 340 552
203 201 340
369 367 579
221 218 128
177 179 187
244 247 991
799 797 746
680 678 875
71 69 175
457 458 69
808 805 363
284 283 312
122 121 623
85 82 172
53 51 448
435 438 933
679 677 152
173 171 534
740 742 391
419 417 825
766 764 270
549 551 685
323 324 617
544 543 478
653 650 535
36 37 796
881 880 916
848 849 602
357 355 737
617 616 507
909 908 881
348 345 442
27 30 510
321 318 702
496 499 172
794 795 654
124 122 54
937 934 231
848 846 515
533 530 484
403 406 658
597 600 12
565 566 808
69 68 114
218 220 222
579 576 279
761 758 713
328 327 229
243 246 423
776 778 410
580 577 275
984 985 547
800 801 907
259 260 35
216 217 28
769 772 360
862 865 166
259 262 46
26 27 870
853 855 694
195 192 167
983 984 779
570 569 562
817 818 862
603 600 677
329 328 749
14 17 235
881 882 356
281 278 946
305 302 197
2 4 237
754 755 590
741 739 51
830 827 298
967 966 677
933 936 82
812 809 705
665 668 374
702 701 762
299 297 362
556 555 135
931 933 333
428 426 187
570 572 618
409 408 823
20 21 456
709 707 201
990 987 818
451 453 818
581 583 276
746 748 114
313 311 308
191 194 50
487 489 509
11 10 342
852 851 101
818 821 441
63 61 885
113 112 456
985 988 113
372 371 696
391 388 60
729 726 937
857 859 883
469 466 981
325 324 635
998 995 332
474 473 92
773 774 737
313 316 301
621 618 455
624 622 979
80 78 262
363 361 336
986 984 129
307 308 471
157 155 922
14 15 263
100 97 516
283 281 115
817 815 93
782 784 591
602 605 153
697 694 61
519 522 800
871 872 464
989 992 427
175 174 2
627 625 892
523 525 989
40 42 208
900 898 660
362 364 933
234 236 384
567 565 983
36 33 873
536 535 76
995 996 713
277 276 977
384 383 626
545 544 74
890 891 767
846 847 851
778 781 542
490 488 566
639 640 226
232 229 7
939 938 137
597 598 373
529 530 424
607 606 727
35 34 804
892 895 588
188 187 963
211 212 40
577 575 770
762 763 785
893 890 648
557 560 29
851 854 119
473 471 390
197 194 968
411 409 532
981 979 420
674 671 25
964 965 548
550 547 173
579 581 505
83 86 710
649 650 852
861 859 622
58 56 963
347 349 180
7 8 237
824 825 604
963 961 105
564 562 705
263 266 190
378 381 781
857 858 742
107 109 227
611 614 594
613 612 755
821 822 112
641 638 609
730 732 973
189 188 450
13 10 396
967 970 441
992 995 362
394 392 21
730 728 80
536 539 963
975 977 312
140 141 787
147 145 829
896 894 681
339 338 555
477 476 518
654 653 237
110 109 624
848 851 794
864 867 962
318 316 355
629 628 787
762 759 381
835 836 823
927 928 47
705 702 87
828 825 38
527 529 369
92 89 989
593 596 483
198 196 205
179 181 693
148 145 583
619 616 913
552 550 527
555 557 911
860 863 383
792 791 547
880 883 490
412 410 507
693 692 830
29 28 482
423 426 887
238 241 647
832 834 195
382 379 508
978 977 404
65 62 559
786 787 476
528 526 281
946 944 109
904 905 161
960 961 53
880 877 708
152 149 888
762 764 296
741 743 250
46 44 490
942 944 706
225 227 109
562 563 60
932 930 597
897 898 274
517 514 595
907 908 480
20 19 723
929 930 983
687 684 105
922 919 960
196 193 804
644 646 899
37 40 768
483 482 611
415 414 918
23 20 585
553 554 665
749 750 455
889 888 3
894 892 595
910 907 361
351 353 723
321 323 647
796 797 355
155 154 672
49 46 551
642 640 797
604 603 134
170 169 45
638 637 542
3 6 625
248 245 424
747 749 949
25 28 779
601 600 554
665 663 415
442 444 186
287 289 430
207 204 494
294 295 638
644 647 561
141 144 964
846 844 103
225 228 314
1 2 867
962 964 280
69 72 487
871 873 480
843 840 603
947 948 646
872 875 869
240 237 440
692 691 213
633 632 113
111 110 932
462 463 591
17 19 69
945 943 818
688 685 607
115 114 965
778 779 892
91 88 16
30 31 435
886 887 491
445 443 4
832 830 972
162 159 638
90 87 856
480 477 390
676 674 773
669 666 279
503 501 383
879 878 520
357 358 447
487 485 550
153 151 503
807 809 547
689 690 822
190 189 299
959 962 253
997 1000 861
779 782 241
118 121 396
912 913 222
211 209 702
534 537 471
521 518 193
812 815 451
884 885 845
429 432 619
612 609 677
314 311 369
146 144 170
390 388 286
89 88 516
611 610 331
950 947 834
407 405 684
888 886 869
910 912 983
126 123 762
741 744 764
172 171 40
627 628 435
302 304 998
898 901 6
565 568 389
827 829 664
906 903 537
692 694 934
147 149 669
798 800 107
226 223 800
139 140 429
169 167 30
512 515 519
762 765 961
106 104 14
250 247 233
703 702 908
706 705 484
374 376 751
509 507 734
373 371 681
401 399 955
870 869 651
176 174 66
464 463 428
88 87 210
381 383 791
531 534 830
420 421 565
210 213 934
59 57 595
543 541 798
826 823 668
754 753 137
471 468 61
824 821 326
495 494 496
106 107 306
307 305 208
739 740 755
753 751 264
871 874 547
432 433 467
524 527 323
449 452 698
369 370 564
147 150 73
807 805 934
186 187 513
867 868 429
656 653 696
681 680 438
966 968 433
181 182 99
757 756 738
997 994 903
267 269 705
914 915 221
630 629 366
231 230 221
267 265 126
794 796 505
715 717 259
226 229 417
408 407 249
918 921 994
506 508 400
455 454 953
842 844 190
547 548 357
141 142 182
399 402 563
277 278 799
824 827 657
286 283 706
494 491 465
680 682 550
440 442 271
454 452 72
383 385 156
623 625 9
242 244 535
943 942 596
572 575 523
319 322 276
667 670 306
651 652 163
32 34 227
747 746 41
672 673 750
931 934 951
53 54 572
877 876 695
835 837 474
810 807 512
973 970 545
114 111 551
903 900 511
558 557 131
116 119 941
975 973 497
105 103 447
594 593 400
233 232 3
115 118 237
937 940 975
44 43 42
192 193 426
568 569 833
716 719 639
738 736 902
271 270 623
239 242 776
294 291 503
584 581 797
66 67 155
719 720 298
309 308 865
709 710 965
842 839 774
597 599 775
709 711 786
419 422 421
300 302 844
971 968 329
542 540 210
66 68 800
720 722 850
921 923 458
171 168 447
51 49 267
844 845 623
96 94 449
297 298 301
694 695 988
536 538 57
370 371 568
751 749 913
693 696 806
976 973 110
441 443 116
31 33 976
1 3 465
398 397 819
393 396 336
213 216 856
701 700 28
420 418 831
634 637 165
279 277 109
459 460 515